71.93365313800007 -94.39076699299994
71.97581813400006 -94.97193295799997
71.40054716300006 -95.92639184099994
71.25550318900008 -96.46219796299994
71.09722016700005 -96.50556894699997
70.52248915800004 -96.29472586099996
70.34414522500003 -96.53499898299998
70.12692116200003 -96.52848289099995
69.87137520600004 -96.08500795999998
69.51860219100007 -94.45166990199999
69.29838109500008 -94.30721098599997
69.00305513000006 -94.37388299099996
68.75054208100005 -93.69624584799999
68.48803914600006 -93.81138285499998
68.22136923100004 -94.37249695899999
67.98108722400008 -95.45222690699995
67.76873220900006 -95.64083984599995
67.44413814600006 -95.38416886999994
67.31025417400008 -95.55749087099997
67.32333111600008 -96.21569691899998
67.47804110000004 -96.36389097899996
68.00221012300005 -96.08362192899995
68.19220020800003 -96.31081794099998
68.38943510700005 -97.16028292599998
68.35471307300003 -98.31187797099994
68.14609320200003 -98.58354299799998
67.76610414700008 -98.09445592799995
67.84749108600005 -100.39555791899994
67.73290309300006 -101.44026894599995
68.03414215600003 -104.36694288199999
68.28692510200005 -104.84312399899994
68.33720813900004 -105.29097294299999
68.72380314000003 -105.48019792799994
68.84497914100007 -105.71806795899994
68.89276018000004 -106.31555097399996
68.62664816500006 -108.17027085399997
68.45032913100005 -108.53020788199996
68.26810622000005 -108.56648693799997
68.35865508200004 -107.01954886699997
68.11400811500005 -106.95917686899998
67.96526520800006 -107.77050888899998
67.84839113500004 -107.93680199199997
67.64248918000004 -107.89055098499995
67.39602417800006 -108.29680188399999
67.89137521100008 -109.99167300299996
67.67915514500004 -112.39584289799996
67.71860222500004 -114.29778591699994
67.86400611700003 -115.27874100399998
68.03768820400006 -115.24089587299994
68.22886617300003 -114.28806592799998
68.46969719500004 -114.06652199999996
68.86817220200004 -115.05763796399998
69.01444010100005 -118.01055597399994
69.22360010200003 -118.69360195999997
69.39166614600003 -120.23166594199995
69.79358812700008 -121.68387894999995
69.80178713700008 -122.75054100899996
69.44957218900004 -123.45084902099995
69.38304418500007 -123.96221988199994
69.84942417500008 -124.42971600699997
69.84551820900003 -125.00945101299999
69.75970311000003 -125.23472103099999
69.52497411400003 -125.26027192199996
69.38916414800008 -125.83971892499994
69.71248013800005 -126.60167700899996
70.39333023300003 -127.42859702199996
70.28846223000005 -128.032658992
69.84304320000007 -128.64001488399998
69.82942612800008 -129.164669888
70.15498310400005 -129.84609598699996
70.02554522800006 -131.01612300499994
68.89332713200008 -135.12191396499998
68.89193221600004 -136.61999090399996
69.11526718800008 -138.00113090599996
69.53637719000005 -139.35165298899994
69.67165607900006 -141.45736493699997
70.11026213000008 -143.21554188799996
69.98706122900006 -145.02487493499996
70.49914321100005 -149.32082697099997
70.41499309400007 -151.33444191899997
70.88610718300004 -152.64697503699998
70.83942417300005 -154.00139403499998
71.28831716700006 -156.84194693199998
70.82929011700003 -158.05334702399998
70.71998507000006 -159.81915603299998
70.33582015100006 -160.90056889999997
70.21638121500007 -162.08667006099998
69.83193717800003 -162.84167099799998
69.38471821900004 -163.12027506599998
69.08554009800008 -163.70279101899996
68.85721018200007 -165.73056300099998
68.69663219500006 -166.19833790899997
68.41806416800006 -166.45456799599998
67.66831918800005 -164.31222595799997
67.22928113300003 -163.77473691799997
66.89971911600003 -161.80028993299996
66.39887810400006 -161.49636899599997
66.19802507300005 -161.62054203099999
66.06052313600003 -162.20916000899996
66.07082818300006 -163.62747006399997
66.23123517900007 -163.94459400599996
66.46068123000003 -163.79000991899997
66.58777016000005 -164.41640999699996
65.64866507900007 -168.12983702699998
65.36415713300005 -166.62691802999998
65.13415318200003 -166.53931205399996
64.99589519800003 -166.69667692199997
64.62915407600008 -166.34832301399996
64.54610215600007 -165.83138992099998
64.50832910900004 -162.87499794799996
64.86360412300007 -161.31113094699998
64.79387222000008 -160.87164295199997
64.28248308600007 -161.05194892099996
63.71638309000008 -160.81805694199997
63.51249715100005 -161.15166892699997
63.44665311000006 -162.36276291199997
63.05194006800008 -163.11166198999996
63.214993064000055 -164.40112794299998
62.11596713600005 -165.70153797999998
61.90722120200007 -165.68083803199997
61.75693920900005 -166.03918199599997
61.55054221900008 -165.98638790799998
61.16638618400003 -165.63499203899997
61.01454717000007 -165.05073901899996
60.455269205000036 -165.09598201799997
59.91554806500005 -164.19997802399996
59.79499316200008 -163.65945590899997
59.95749714300007 -162.75890691199996
59.89193222000006 -162.09527391699996
59.68443720000005 -161.88806689999998
59.38068708700007 -161.95582804899996
58.90110409000005 -161.79473692199997
58.83416218800005 -161.05307393999996
58.940830120000044 -160.68276900099997
58.71943907800005 -159.34555805099998
58.77610309100004 -158.44222793799997
58.498462103000065 -157.46873391899996
57.85248709600006 -157.64639405699998
57.48874317500008 -157.94498695299998
56.78277419300008 -158.97582894799996
56.54083608900004 -159.83721903499998
55.934992126000054 -161.06832900399996
55.78305420500004 -162.01889097399996
55.18776708100006 -163.07666100599997
54.929719127000055 -162.86026490899997
55.01554311000007 -162.27084595499997
55.40262409400003 -161.70346805399998
55.40749314100003 -161.07943502599997
55.76263320600003 -160.05652197699996
55.95943610300003 -158.90526891299996
56.70735416300005 -157.58333096399997
57.083329125000034 -156.45278690199996
57.33110807400004 -156.48999299599998
57.47623318400008 -156.20623204499998
57.957499100000064 -155.04833699499997
58.13069520400006 -154.23567292299998
58.58304405600006 -153.90529199299996
58.71443508200008 -153.44778592399996
58.98888105700007 -153.56500197899996
59.06805416700007 -153.92166302399997
59.39943421900006 -153.94137290199998
59.91659211400008 -152.71631097799997
60.14443621500004 -152.68554889099997
60.807070088000046 -151.78834795999998
60.65832718000007 -151.37222401799997
60.388327135000054 -151.30264500099997
59.78249205700007 -151.87958095399998
59.47693312800004 -151.68307494499996
59.21998320400007 -151.26696005399998
59.494987077000076 -150.24986102799997
60.004432113000064 -149.29556391399996
60.06109612500006 -148.37554794699997
60.39985610800005 -148.04278203099997
60.70282318400007 -148.25164497699998
60.91536712700008 -147.95963103699998
60.93436621900008 -147.25395894199997
60.878539223000075 -146.69070292599997
60.39520314600003 -145.48027496699996
60.37887721000004 -144.91473303899997
60.06221209200004 -144.03085195799997
60.08887911700003 -142.53668098599996
59.71388517300005 -140.61275994599998
59.79971820900005 -139.91915695399996
59.30360207600006 -139.16195090599996
58.94526716400003 -138.042513032
58.50638216400006 -137.38641302199994
58.30859808100007 -136.49597092299996
58.54374114400008 -135.16446603699995
57.82472220900007 -133.55444693699997
57.282490186000075 -133.444151988
55.95193916100004 -131.54639388399994
55.834714054000074 -131.02584299499995
55.41304615200005 -130.87468794399996
55.12749415600007 -131.05876493199997
54.83138515300004 -130.49804695499995
54.58627014000007 -130.31382596699996
54.32833014500005 -130.34081703699997
53.79833821500006 -129.912785929
53.45360210300004 -128.92186794499997
52.560829166000076 -128.24055902599997
52.27471005000007 -127.72139399899999
52.03680414400003 -127.59014697399999
51.80305616600003 -127.88972994099998
51.24943917100006 -127.76194799399997
51.00569208500008 -127.53742496999996
50.82519718700007 -126.43159494999998
50.42950312800008 -125.70368398899996
50.34763909000003 -125.08702200599998
49.763476093000065 -124.40888999499998
49.33888307600006 -123.23638796899996
48.59040711600005 -122.43666589099996
48.30943616500008 -122.39284496599998
48.11332611700004 -122.96999700399999
48.28388510700006 -124.30943988799999
47.82430015800003 -124.46319601099998
46.265689113000064 -123.89248797999994
44.15165209200006 -124.11027899399994
42.74804808700003 -124.48137602399999
41.68305117700004 -124.11861295299997
40.238047108000046 -124.29723600399996
39.869155189000026 -123.86749498899997
38.86083117800007 -123.62000387399996
38.00132215800005 -122.78229299899999
37.826380103000076 -122.29999191899998
37.37443609700006 -122.37804889499995
37.01763105100008 -122.17958101699998
36.183043105000024 -121.66541998799994
35.35527719100003 -120.84110993299998
34.860826039000074 -120.59806491399996
34.47874016600008 -120.13082996999998
34.357501134000074 -119.41611296299999
34.067503041000066 -118.98110693899997
33.96776509800003 -118.45445402399997
33.24415606600007 -117.40943688999994
31.604446085000063 -116.64917094499998
30.79652516400006 -116.05549498999994
29.938888159000044 -115.73557199499999
28.553050100000064 -114.08056185499998
28.21778218600008 -114.12834289499995
27.769024141000045 -114.50834100199995
27.23805102500006 -114.47549098299999
26.729353153000034 -113.22264589999997
26.08055210300006 -112.32529191599997
25.765975085000036 -112.10986795099996
24.756661171000076 -111.92389195899995
23.910004122000032 -110.81000692999999
24.259717073000047 -110.28548687299997
24.718051107000065 -110.69806493599998
26.809444082000027 -111.69750597399997
27.232777132000024 -112.23000895499996
28.440829157000053 -112.95722689999997
29.261665081000046 -113.65084799699997
29.82861114600007 -114.39638995599995
31.22944308800004 -114.87861895199995
31.644865131000074 -114.43153494099994
31.655692035000072 -113.97469489699995
31.260556043000065 -113.32779301999994
28.883890189000056 -112.03722886899999
28.03555910700004 -111.21613193199994
27.916948137000077 -110.78945986699995
27.184447078000062 -110.33500497799997
26.715556037000056 -109.44431091999996
25.738327042000037 -109.30751088299996
25.012981112000034 -108.09630893999997
22.664026166000042 -105.82042491099998
21.52082811100007 -105.27680685599995
19.991107141000043 -105.49779288399998
19.495279177000043 -105.07860887599998
18.766387031000022 -103.83973189999995
18.27278211600003 -103.35751195599994
17.961661125000035 -102.09570292999996
17.265277016000027 -101.01113092499997
16.72903017400006 -99.73862089099998
16.596946132000028 -99.03695400499998
15.656392155000049 -96.55777797899998
15.956524136000041 -95.52195897699994
16.322221041000034 -95.03083795599997
16.109164126000053 -94.02389092299995
14.587498164000067 -92.28917693099999
13.978891022000028 -91.38473990299997
13.847770061000062 -90.34916397799998
13.187611030000028 -88.41109495499995
13.236112075000051 -87.83138693999996
11.113678063000066 -85.78556084099995
9.872290036000038 -85.53187784699998
9.727345136000054 -85.22678696399998
9.765838020000047 -84.63090589899997
9.311806082000032 -83.95007390899997
8.530552019000027 -83.29333486199994
8.302771117000077 -82.77944389699996
8.313328124000066 -82.28722484599996
7.691392080000071 -81.19223094999995
7.334308085000032 -80.88834588699996
7.428817061000075 -80.25156884499995
7.915834135000068 -80.31722395799994
8.880004125000028 -79.57765796099994
8.913268043000073 -78.90729295699998
8.49569503600003 -78.48791985199995
7.72430513300003 -78.27465590399999
6.714307087000066 -77.46653683599999
5.788333095000041 -77.24501084599996
5.154868079000039 -77.37126292699998
3.838888154000074 -77.23709095299995
3.260692066000047 -77.41764888199998
2.866663155000026 -77.71417195199996
2.1934721080000372 -78.68687388099994
1.5478481360000274 -78.85868395299997
1.0789570940000317 -79.25291989699997
0.9972191220000468 -79.65862194899995
-0.928339909999977 -80.71138798499999
-2.1752809479999655 -80.85473998699996
-2.5125018449999743 -80.56889093599995
-2.626387936999947 -80.21722483499997
-3.3347149169999284 -80.14279487599998
-3.9261049579999394 -80.94056396999997
-4.552216865999981 -81.30307491399998
-5.409997872999952 -80.98112684999995
-5.833051973999943 -81.06597886799995
-6.23055484799994 -80.89001991999999
-6.768610839999951 -79.98001194499994
-7.852777998999954 -79.37251188599998
-8.219653901999948 -78.99459282499998
-10.321945864999975 -78.06945584999994
-13.16333594799994 -76.38001184599995
-14.575417912999967 -75.94208992699998
-15.543610881999939 -74.86195496499994
-17.399446895999972 -71.39932185399994
-18.63403099599998 -70.34958889299998
-19.79778499699995 -70.15444192599995
-20.80167196499997 -70.21043085999997
-21.30228800699996 -70.06694390899997
-23.458058020999943 -70.50945592799997
-25.47097090099993 -70.53667196699996
-27.03917587099994 -70.81389888899997
-28.474927995999963 -71.22993297799997
-28.83583698999996 -71.46751483999998
-29.953979020999952 -71.33968796599999
-30.50665992499995 -71.69584492299998
-32.30056691699997 -71.46972883499996
-32.90000291599995 -71.52334183499994
-35.16777795599995 -72.28807198099997
-35.53319591099995 -72.58417193199995
-37.05777793599998 -73.16432083599994
-37.603888936999965 -73.68590689099995
-39.08528002199995 -73.28333682099998
-39.59041390899995 -73.30598086799995
-40.17541392299995 -73.72736981899999
-41.175277911999956 -73.95209082299993
-41.56444699499997 -73.77862482199998
-41.84361801599994 -72.80598592399997
-43.04249889699997 -72.88500598199994
-44.06833689599995 -73.21028383999999
-44.39888898299995 -72.84668391999998
-44.865142909999975 -72.94222789399998
-45.07459091299995 -73.37473191999999
-45.68610489799994 -73.57028389999994
-45.94617791999997 -74.05777790499997
-45.923335892999944 -74.72361584299995
-46.626811928999985 -75.18875397099998
-46.87333996299998 -74.64611693399996
-47.29646597999994 -74.36979894499996
-47.992498886999954 -74.19862790899998
-49.16166189799998 -74.39917483399995
-49.52347999299997 -74.26487696299995
-50.102360043999965 -74.58584384099998
-50.603614953999966 -74.23279187599996
-51.43472893599994 -73.92888887699996
-51.796672926999975 -73.32918298199996
-52.160695965999935 -73.21557583899994
-52.32861800899997 -73.56500983899997
-52.652779900999974 -73.50249592899996
-52.93888996399994 -73.31138987699995
-53.07388990199996 -72.89972996799997
-53.58083293999994 -72.28834187899997
-53.88639203599996 -71.28472497599995
-53.63333902599993 -70.94111388399995
-53.38721600499997 -70.99305284999997
-52.99319597899995 -70.81236885699997
-52.70444896899994 -70.49695482099997
-52.28986394399993 -68.94251092399998
-52.02223094799996 -68.68749587799994
-51.15722289699994 -69.13223982899996
-50.59360696199997 -69.10278297199994
-50.256953016999944 -68.67222287699997
-49.92459194699995 -67.81028394299994
-49.17104895899996 -67.61438092799995
-48.85528388999995 -67.33778382299994
-48.10041790199995 -66.06708293899999
-47.755555894999986 -65.87041482399997
-47.19520688999995 -65.77528491699996
-47.03195591399998 -66.73499992499995
-46.52485999099997 -67.44611690399995
-46.32556398099996 -67.57333189899998
-45.92861900599996 -67.53695393599997
-45.42195491899997 -67.10111994699997
-44.85486501999998 -65.62806282199995
-44.40500894599995 -65.32278284299997
-43.45930697099993 -65.13236997399997
-42.34417102599997 -64.55195083799998
-42.18944293699997 -64.87709391599998
-40.990561887999945 -65.17931382899997
-40.88778198499995 -64.53140394399998
-41.161949009999944 -63.56333687199998
-40.984999991999985 -62.59445088899997
-40.556941895999955 -62.29667690399998
-40.23291495199993 -62.422640815999955
-39.433471990999976 -62.14680880999998
-39.005566948999956 -61.63416892899994
-38.80389500499996 -59.67278094799997
-38.29306393799993 -57.83639396799998
-37.08277997999994 -56.82083385899995
-36.58166890299998 -56.670974816999944
-36.178333900999974 -57.24194386099998
-35.17778594799995 -57.31278284499996
-34.87888694499998 -57.79583980499996
-34.460143991999985 -57.661811831999955
-34.464176022999936 -57.111254901999985
-34.910341879999976 -56.31791396699998
-34.795835023999985 -55.811672829999964
-34.87555698199998 -54.72444593999995
-34.59194891699997 -54.09360881799995
-33.11528287899995 -52.62861592099995
-31.97320095899994 -52.23875382299997
-30.509305923999932 -51.269030821999934
-30.124997002999976 -50.17249783999995
-29.22055092399995 -49.63195795599995
-28.617784962999963 -48.84250488299995
-27.86444900799995 -48.563900813999965
-25.981198973999938 -48.58410589399995
-25.340281941999933 -48.226391913999976
-24.82278189799996 -47.71666792899998
-23.91910091799997 -46.30549489699996
-23.711389980999968 -45.426599875999955
-23.048296948999962 -44.236709926999936
-22.94110699099997 -42.429455926999935
-22.735142004999943 -41.975135818999945
-22.34610786899998 -41.76305992199997
-22.18610588699994 -41.400278913999955
-21.67555393699996 -41.01805792599998
-21.192496976999962 -40.93333180399998
-19.673333012999933 -39.873608787999956
-19.20125601099994 -39.70347291699994
-18.187918949999982 -39.62597383999997
-17.869165899999928 -39.27555882099995
-15.87417185399994 -38.87194486899995
-14.53777998299995 -39.03389094999994
-13.171256007999943 -38.852918786999965
-12.937228912999956 -38.31791380799996
-11.852224903999968 -37.56653083699996
-11.098609998999962 -37.22500784299996
-10.385557972999948 -36.32055287899993
-9.165760890999934 -35.289521788999934
-8.009305850999965 -34.83098088899993
-6.906661958999962 -34.88305480399998
-5.583607874999927 -35.22556786699994
-5.149861986999952 -35.51138992799997
-5.111107921999974 -36.28652386099998
-4.586947952999935 -37.64514587999997
-3.911947922999957 -38.339729890999934
-2.846527895999941 -39.99875378799993
-2.9084748539999623 -41.40139487999994
-2.7688938699999426 -42.344099821999976
-2.397913851999931 -43.16924689399997
-2.5099998469999605 -43.707500865999975
-2.4256879589999585 -44.12375087299995
-1.7936089739999375 -44.71973084499996
-1.218886849999933 -45.71972995099998
-0.6456949249999298 -47.53083593799994
-0.7080559499999595 -48.05639082399995
-1.310551845999953 -48.405419810999945
-1.644442948999938 -48.817781955999976
-1.8830509219999385 -50.265008905999935
-1.4445799869999405 -50.81459386999995
-0.5302789689999372 -51.50708994799999
1.0866610700000479 -49.98096883799997
1.7800030490000722 -50.04862185999997
1.8861130820000653 -50.50140288299997
4.230271065000068 -51.332093913999984
4.421107052000025 -51.74417694199997
5.420278026000062 -52.88653781199997
5.81860903200004 -54.02555983499997
6.001813129000027 -55.047365801999945
5.889160014000026 -56.26055693899997
5.997079030000066 -56.964446873999975
7.135840040000062 -58.465565940999966
7.569442095000056 -58.641947837999965
8.173891142000059 -59.35583688099996
8.421661038000025 -59.88945582799994
8.58222108800004 -60.90222593699997
9.263332028000036 -60.847091956999975
9.680275050000034 -61.38305096399995
9.826444043000038 -62.133497844999965
10.280557117000058 -62.66638790199994
10.706392166000057 -62.86958987799994
10.629721053000026 -63.974159930999974
10.082215136000059 -64.82501094899993
10.115551138000058 -65.27612682299997
10.228339034000044 -65.81445287999998
10.526941150000027 -66.11834682599994
10.627777122000055 -66.50973895799996
10.491949052000052 -67.79610897199996
10.64388714000006 -68.28056084799994
11.044999094000048 -68.33334588399998
11.447083014000043 -68.84368191599998
11.60361103300005 -70.18001092199995
11.292220144000055 -70.42139984299996
10.91638901600004 -71.45167488599998
10.459999080000046 -71.45861392799998
9.950833162000038 -71.14778093899997
9.273745034000058 -71.16542082199999
9.22249908300006 -71.75195086799994
9.493606042000067 -71.91084593699998
10.12444316500006 -71.91125094999995
10.834165060000032 -71.69111987699995
11.229445053000063 -71.86695292699994
11.703889106000076 -71.54139595199996
12.106387091000045 -72.13871686099998
11.306395116000033 -73.26749686799997
11.105551137000077 -74.83459492399999
10.490977085000054 -75.48667195699994
9.438607011000045 -75.81604487699997
8.67660416800004 -76.67389796899994
8.434162144000027 -77.16389397199998
9.286660037000047 -78.23583897499998
9.568054107000023 -79.46305186299998
8.802496163000058 -81.08973888099996
8.944714094000062 -81.98333995099995
10.299718148000068 -83.33973892199998
11.554444130000036 -83.75867985499997
13.635550163000062 -83.51333987199996
14.552218063000055 -83.24084688099998
14.912632021000036 -83.32597784799998
15.349168078000048 -84.07445397699996
15.825970127000062 -84.26014196599994
16.01055103400006 -85.84194590399994
15.801112084000067 -86.48834386099998
15.900076042000023 -87.80500791699995
15.736807128000066 -88.25472887499996
16.118893168000056 -88.79194784999999
16.490422034000062 -88.38792888399996
16.800553122000053 -88.27973091799998
17.665687070000047 -88.25182186299998
18.520003166000038 -87.74833485199997
20.085976035000044 -87.47222389599995
20.987785169000063 -86.82640194299995
21.512503037000045 -87.13361696799996
21.596383090000074 -87.96500989999998
21.23499716500004 -89.91972890199997
20.950840086000028 -90.37556093699999
20.081044123000027 -90.49978795199996
19.182502089000025 -90.91307696699994
18.740836140000056 -91.26362693499999
18.551242184000046 -91.89764984999994
18.685135041000024 -92.31291883899996
18.173746074000064 -94.26778184199998
18.701803126000073 -95.18222686199994
18.745003120000035 -95.80112094599997
19.12472211000005 -96.09459300199995
21.565828035000038 -97.62056089199996
22.325824083000043 -97.80347698599996
24.255838096000048 -97.69723200399994
25.992487134000044 -97.20930599699994
26.739433062000046 -97.47748800699998
27.395272060000025 -97.38694786199994
28.140274057000056 -96.88276800299997
29.05124511300005 -95.14861190999994
29.552770088000045 -94.67555388899996
29.679166171000077 -94.03639186099997
29.786662067000066 -93.29999388799996
29.60027217700008 -92.68776894899997
29.74860118600003 -91.66417193699994
29.21923907200005 -90.99889189799995
29.221525153000073 -90.05158797399997
29.666386115000023 -89.66250891299995
30.184300058000076 -89.44825489399994
30.327085108000063 -89.20235684399995
30.470824187000062 -86.95360788499994
30.05416011500006 -85.44248987899994
29.71999006200008 -85.05999899199998
30.10569406700006 -84.20555683299995
29.952496178000047 -83.73778192599997
29.00749610400004 -82.75083294099994
28.436932075000072 -82.66403699199998
28.07027208900007 -82.77389088599995
26.935408161000055 -82.37888095699998
25.162219054000047 -80.82779384499997
25.50242810000003 -80.33944488599997
26.632351063000044 -80.02874684499994
29.558323099000063 -81.15916484499996
30.94221705900003 -81.45959387999994
32.21707603700003 -80.67229193799994
32.91750106100005 -79.61221788899996
33.73027309100007 -78.82749891499998
34.06166219600004 -77.88214797399996
34.504030045000036 -77.45526887599993
35.004439054000045 -76.52916881999994
35.57555209800006 -75.89361587199994
35.91972109000005 -75.78332997399997
36.64054917500005 -75.88639787899996
37.33554708400004 -76.28944487999996
37.88166713700008 -76.22819093699997
38.22436007500005 -75.18353388899999
39.169018168000036 -74.89493993299999
39.774853079000025 -74.08826087499995
40.71734210200003 -74.02098587699999
41.21415108300005 -73.04138094699994
41.602492203000054 -70.65889184999997
42.05728018900004 -70.65173688999994
42.50777513200006 -70.88806783599995
42.87758520300008 -70.81290881899997
43.82776914900006 -70.09194595299994
43.92527515900008 -69.45889483499997
44.25694304500007 -69.02251183199996
44.42248915300007 -68.50418382299995
44.55249414800005 -67.56290983999997
44.80360306000006 -66.99694495999995
45.09339412000003 -66.77846981499994
45.20832409500008 -65.88681284399996
44.76193309900003 -65.65264191499995
44.338042149000046 -66.11860783899994
43.92804705400005 -66.15013485899993
43.67916119100005 -65.24221481599994
44.49693705000004 -63.91027792699998
45.09166610700004 -61.724717957999985
45.409708204000026 -61.40402986199996
45.691309138000065 -61.884584823999944
45.67471313800007 -62.55721797099994
45.93082604600005 -63.84610791999995
46.63832506000006 -64.70499584099997
46.91166412000007 -64.89417589999994
48.13527714800006 -64.97250293999997
48.40416105800006 -64.42639193999997
48.82888014100007 -64.31555686099995
49.11471108600006 -64.59735594299997
49.24554421300007 -65.67832792199994
49.16276219000008 -66.42166493699995
48.53249218800005 -68.45361295099997
48.939994170000034 -68.69637885199995
49.312765065000065 -67.70638790599997
50.102488203000064 -66.70083595799997
50.20971420300003 -66.31415981999999
50.27416315900007 -60.14778289999998
51.19444014000004 -58.62860988399996
51.499513085000046 -56.80812588799995
51.950827108000055 -55.89665996499997
52.35649311800006 -55.649060890999976
52.80832916500003 -55.98069290299998
53.340544143000045 -55.808054865999964
53.83860420800005 -57.11527788099994
54.38861212300003 -57.790277909999986
54.73054918100007 -57.84423289099993
54.818047198000045 -58.689854940999965
55.39500108800007 -60.35471985199996
55.69193805500004 -60.38055891299996
56.05631212800006 -61.45047884899998
56.26532812800008 -61.702838843999984
56.66331715300004 -61.732214899999974
56.95777005900004 -61.54111789999996
57.76999307500006 -61.994024819999936
60.115753175000066 -64.36847684499998
60.19498915000008 -64.92111282099995
59.79804417500003 -65.43332086799995
59.02999311800005 -65.77749891299999
58.83672721800008 -66.35134797699993
58.54276917900006 -66.65166888699997
58.377205133000075 -67.17041984699995
58.49304420800007 -67.89354289699997
59.03749911300008 -69.49333791899994
59.35500107900003 -69.41250887999996
59.58610305900004 -69.61847386599999
59.96166412200006 -69.72291891799995
60.21155816100003 -69.61051793199994
60.53971620900006 -69.74860492499994
60.75721922100007 -69.53306394899994
61.13777506100007 -71.38999782499997
61.33055514600005 -71.67193185599996
61.682212195000034 -71.79527692599999
62.38665114500003 -73.50279298299995
62.24638619700005 -74.72166285999998
62.53416107400005 -77.07362389199994
62.392771108000034 -77.96305798299994
62.15957214400004 -78.16055389499996
61.64027216900007 -77.74415083399998
61.217488134000064 -77.70167084599996
61.00083119100003 -77.95472385599999
59.78416609000004 -77.43276882999999
59.20704121000006 -78.09617685499995
58.60166512400008 -78.35556591299996
58.02276713600003 -77.14723493899999
57.78611214600005 -76.92304484499994
57.20721415700007 -76.56443986799997
56.29777313400007 -76.53833090999996
55.486108185000035 -77.41665897899998
54.779995202000066 -79.31582993599994
54.59013118000007 -79.52493595699997
54.28235808800008 -79.42527898399999
54.17388117300004 -79.18249497899996
52.90804917000003 -78.87860086299997
52.36776107800006 -78.51695392699997
51.67054917300004 -78.94415690299996
51.29430414600006 -79.68284095499996
51.25472211700003 -79.99638297599995
51.466375063000044 -80.43819292599994
52.95637905600006 -82.27388689099996
53.89888618500004 -82.16027991599998
54.203329147000034 -82.42791291199995
54.78750119600005 -82.22111996099994
55.03943807200005 -82.28547889499998
55.406935074000046 -85.38848091699998
55.65749513900005 -85.86721784499997
56.04999418500006 -87.54861589199999
56.764441127000055 -88.74276284099994
57.19388508700007 -90.45110686299995
57.10027616000008 -91.78000195999994
57.23054216700007 -92.44109691499995
57.43777617400008 -92.44861196199997
58.53013312400003 -93.12651900199995
58.780819085000076 -93.67304390099997
58.76221612200004 -94.11389093799994
58.973599171000046 -94.68083700299997
59.26096920200007 -94.78180792299997
59.877775185000075 -94.80332695099997
60.37741909400006 -94.61610892899995
61.54916507200005 -93.85665284399994
61.66332106200008 -93.54276884099994
62.70999412500004 -92.33361895499996
63.05943717800005 -90.62748892899998
63.57388621000007 -90.73388696499995
63.69886910400004 -90.08999988899996
63.93082620500007 -90.11389485099994
64.07672513200004 -89.70769793199997
64.02304021600008 -88.55277292499994
64.18844215500008 -87.98735689099999
64.51811213100007 -87.79429785599996
64.99914419100003 -87.11000095599996
65.27082715500006 -87.35777085199999
65.33069506600003 -89.05749291299998
65.52943317600005 -89.42832892999996
65.67608815100004 -88.77972586199996
65.32388208800006 -87.83333087099999
65.32083107500006 -87.43083288499997
66.07540922800007 -85.97666689299996
66.27637910400006 -86.30611189899997
66.50068620900004 -85.85430283999995
66.27859309900003 -84.52721689499998
66.35096211700005 -83.36291387899996
66.61512114900006 -82.56437096699995
67.09137418300003 -81.41389188799997
67.47013009300008 -81.24221693199996
67.99997818900005 -82.17471589999997
68.21054215900006 -82.29500090499994
68.45977017200005 -82.03548595099994
68.64179510200006 -81.25903790299998
68.99248018500003 -81.57028495799995
69.20137917400007 -81.51221697699998
69.24136621600007 -82.05444883299998
69.67942308500005 -83.01500085799995
69.82527708600003 -85.27417187499998
69.64970521500004 -85.54736693299998
69.31441919700006 -85.50305985699998
69.16415514100004 -85.15056595999994
68.92623113100007 -85.05332984799998
68.59860416100008 -85.73331593499995
68.18969821000007 -85.88806196199994
67.69720909400007 -86.50805390699998
67.47477417000005 -86.47374593899997
67.28221017000004 -87.00890397199998
67.40818313400007 -87.61472094499999
67.67789517700004 -88.15582794999995
67.96282607400008 -88.37124286099998
68.39554618500006 -87.79235392499999
68.76332213700005 -87.96805185999995
69.10096615300006 -88.77750298099994
69.18330712000005 -89.39937599199999
69.01040807000004 -89.71194588099996
68.70804415600003 -89.78486391199993
68.70679307300003 -90.47972687199996
69.51138419900008 -90.96972287499995
69.50415715400004 -91.80229497299996
69.69413818700008 -92.34083694699996
69.92053322500004 -92.20389290999998
70.23165421600004 -91.63612793199997
70.80581810600006 -92.81304889799998
71.27971314300004 -92.94027294599994
71.93365313800007 -94.39076699299994
