-88.99999992199997 -179.99998854099996
-88.99999992199997 179.99985805300003
-84.36005866599999 179.9991999870001
-84.27193256599998 179.33909520600002
-84.19325129299995 179.5928311550001
-84.14351414199996 179.3359029600001
-84.19157692399995 178.39131128500003
-83.84439446399995 174.92339133200005
-83.85748470299995 172.84471493700005
-83.55030363199995 172.00066622300005
-83.33808843399999 169.34042262900005
-83.42795194899998 167.44800455200004
-83.16895965899994 168.67298886600008
-83.01633626299997 168.45760436800003
-83.00147389299997 167.1514975340001
-82.40155215599998 165.17620074900003
-82.30604156099997 163.80276460800007
-82.22852118699996 163.62248725100005
-82.17728736699996 163.8588794530001
-82.05243158399998 163.6624909300001
-81.64942338999998 162.13404171000002
-81.57640745999998 161.18389621200004
-81.48445377699994 161.0069755290001
-81.29974782599999 162.18960694500004
-81.21005717299994 160.89004516600005
-80.87379408899994 160.45785816900002
-80.69232525799998 160.9941869590001
-80.62482267399997 160.57117104100007
-80.44679380299993 160.99336219500003
-80.36182893099993 160.6936537680001
-80.47042762399997 158.99301564900009
-80.31933226199999 158.1892457450001
-80.05631630699997 160.48423407300004
-79.98575211099995 160.56964281800003
-79.82769944099994 159.80181784100012
-79.44705641199994 160.7379562760001
-79.09639943299999 160.16871628
-78.53896315399999 165.84249051000006
-78.13871960099993 165.62837194600002
-78.04511246699997 164.8412325280001
-77.93361537499999 164.60043017700002
-77.71625699599997 164.53072051100003
-77.52463922599998 163.76133940500006
-77.24854917299996 163.5544225320001
-76.88943365999995 162.58232062000002
-76.73029347199997 163.0705900800001
-76.30922346799997 162.8167430000001
-76.12715508899998 162.45123002900004
-76.00536496099994 162.81561211400003
-75.57430023799998 163.08884862900004
-75.46045407599996 162.68592614200008
-75.09763475799997 162.54841290000002
-74.96327002299995 163.72773387000007
-74.72551174099993 163.76328168300006
-74.62921275599996 165.14283551800008
-74.17253288599994 164.88427302800005
-73.98419609999996 165.9008167730001
-73.81005973899994 166.0796582060001
-73.48036543499995 167.62377383000012
-73.50953266399995 168.80626809500006
-72.58324294699997 170.3180513950001
-72.34799533699999 170.33168980100004
-72.18260290399996 169.9889101540001
-71.85565622299998 170.99027217100002
-71.71001398299995 170.81634193700006
-71.15188886399994 168.23787921100006
-70.78094889899995 167.767810219
-70.60543888299998 166.69655603600006
-70.66794319899998 166.0041040740001
-70.48686131899996 164.14214235500003
-70.59866248799995 163.1733565510001
-70.27883505299997 162.39067229500006
-70.13774740599996 160.69614062300002
-69.72251084599998 159.84013047400003
-69.13651256899993 157.40432203800003
-69.11791244099999 154.97403998000004
-68.92960636099997 154.54576003700004
-68.53325297099997 154.49466296000003
-68.61116658599997 153.8015540230001
-68.76141710899998 153.88292019300002
-68.91530215499995 153.269103405
-68.79879775599994 152.28020667400006
-68.94863416499999 151.33740305600008
-68.70991722099996 151.04034815500006
-68.48869131799995 151.1128333370001
-68.37066010499996 149.01960749800003
-68.14916365399995 148.29094826900007
-67.91420554299998 148.32150623200005
-67.98725354799996 147.47828540900002
-67.48064933599994 145.47156405400005
-67.25539352899995 145.78762607300007
-67.12014166899996 145.61125440800004
-66.89767796899997 143.17322004000005
-66.99739976599994 142.85492967100004
-66.76881000899994 141.80698851300008
-66.35723731699994 136.6234318500001
-66.08365003999995 135.17972376000012
-65.90062095499997 135.0114077180001
-65.61203384399994 135.2691574040001
-65.41013010399996 135.25386899700004
-64.92713738299994 134.44207326000003
-65.01268427599996 134.2334806140001
-65.38950911099994 134.0843915050001
-65.94978929999996 134.42789065600005
-66.17039929099997 134.01307039900007
-66.05812639599998 133.5324591860001
-66.24810920599998 130.2628315600001
-66.59723879199998 129.4982306920001
-67.05551381399994 129.191826966
-67.03303187499995 128.06088887700002
-66.82459016599995 126.91977381600009
-66.56974467999999 126.91963443100008
-66.37116227599995 126.57995280800003
-66.33338889599997 126.0111496070001
-66.60608085399997 125.41425335800011
-66.59063741699998 121.89381449400003
-66.84030067299994 120.81953401500004
-66.96100719099996 118.01126095200004
-66.90060149699997 117.26772032600002
-66.56301285399996 116.73418227600007
-66.35538595899993 115.79735792700001
-66.47759839699995 115.06491699200001
-66.38512147099993 114.53528565500005
-66.18044243799994 114.43806016300005
-65.80964937599998 113.59871116400006
-66.01881364499997 111.08735420600004
-66.16296327299995 110.74016740400003
-66.34072196699998 110.75545567600005
-66.51764321199994 110.53798448100008
-66.77871344899995 109.03483852000005
-66.42807101399995 107.67400689900006
-65.90496718599996 102.74502640300005
-66.05494356299994 101.26546786700004
-66.75003051899995 99.50594666800004
-66.52602772499995 98.17331062600005
-66.68157140799997 95.64505629400009
-66.54911322199996 91.21669714600006
-66.75104263499998 89.17385205700003
-66.48788514299997 88.81586031300003
-66.38748970099994 88.17981962600004
-66.89578767099994 87.51236822900006
-67.17852411999996 85.69927816800003
-67.15771162499993 83.41373797600005
-67.35574052999993 81.88307682100003
-67.74625241999996 81.43009206400006
-67.85291594199998 81.05397752700003
-68.23095065599995 78.76036139800004
-68.67394193699994 77.85715869400008
-69.06154525499994 77.92133227700003
-70.10934610699996 72.78472124900003
-70.63569771999994 72.53309129600007
-70.96246247399995 71.51085313600004
-71.22853680499998 71.31269740800008
-71.59628315399993 71.27476986100004
-71.96332299999995 70.78942597000008
-72.09829840999998 69.99227280400004
-72.34161227599998 69.48653563600004
-72.41742074799998 68.67914536700005
-72.13054290899998 67.43650914000006
-71.44727982999996 67.92867246500003
-71.00426475499995 68.97907365800006
-70.50850300299999 69.30789659200008
-70.41517957299999 68.69481023100008
-70.55070954199994 68.32999448800007
-70.39130134199996 67.65922870600008
-69.92273430899996 68.01227193100004
-69.78289882999997 69.10405989700007
-69.34531189799998 69.32150733000003
-69.17144203199996 69.58789267500003
-69.03838642199997 69.50958630200006
-68.70045139299998 69.73558533100004
-68.56567657999994 70.09392482000004
-68.13322751499999 69.67953585400005
-67.89533369099996 69.71911081300004
-67.38504506699996 59.49961678500006
-66.96662078299994 57.238662247000036
-66.48793393099999 57.064356384000064
-66.32017293799998 56.19422329300005
-65.92191046799996 55.29406063200008
-65.84886937299996 53.66088911700007
-66.03217725799993 51.76694725500005
-66.40048712699996 50.54096455500007
-66.63128961899997 50.18881993200006
-66.87152402199996 50.334883826000066
-67.11268533799995 49.97780693300007
-67.01208896399999 48.62011939100006
-67.48674810099993 48.64929749600003
-67.63673463299995 48.22350221700003
-67.72338963599998 47.630502542000045
-67.60537182999997 47.26359869200007
-67.34566857399994 47.12030826400007
-67.27427590299993 46.635379776000036
-67.64841872399995 46.00264132400008
-67.99448722299996 44.26411181700007
-68.04506261099993 43.13493597300004
-68.38833403299998 42.17619430800005
-68.86498258199998 39.95228337400005
-69.08995486199996 39.77036139100005
-69.52573997899998 39.71745218900003
-69.78196156599995 38.98127848400003
-69.72682111899996 37.935009120000075
-69.53171574599997 37.86977275000004
-69.35380643099995 37.42591980700007
-69.60072791399995 36.92485199600003
-69.46782888699994 36.18702036800005
-69.25758760699995 36.240238755000064
-68.90970514199995 35.00372141500003
-68.50780886599995 34.522624490000055
-68.49142571399994 34.01603989100005
-68.72196201599996 33.33888301800005
-68.98721249399995 33.291153260000044
-69.35772363499996 32.70010491700003
-69.74684551899998 31.226417042000037
-70.54737788399996 23.26429789900004
-70.36350016099993 20.71344238300003
-69.99328832399993 18.22100875500007
-70.28911325499996 15.510516001000042
-70.18135497199995 13.960963407000065
-70.28134642699996 12.99495530300004
-70.71992296699995 11.767622165000034
-70.68157167499999 10.865200698000024
-70.13445025099998 9.377342315000021
-70.22610891599999 8.916003802000034
-70.43772321299997 8.822974123000051
-70.20388007099996 7.429921104000073
-70.54216830199994 6.960404051000069
-70.82079002299997 3.041679357000021
-71.20739893599995 0.7422760960000687
-71.59014030999998 -0.17299360399994157
-71.24380655999994 -2.61603290599993
-71.42686214699995 -5.902583456999935
-71.23687595799998 -6.109784915999967
-70.93997207799998 -5.5134637329999805
-70.73582715199996 -5.654010107999966
-70.71500446199997 -6.129783348999979
-71.01691458999994 -7.053278521999971
-71.48937260799994 -7.656266896999966
-71.71628145899996 -7.644045089999963
-71.78627601799997 -8.169258942999932
-71.74350561599994 -8.620320377999974
-71.25690113499996 -8.879726139999946
-70.90555390199995 -9.889893583999935
-71.60825751299996 -10.861989533999974
-71.55909630599996 -11.575235646999943
-71.39356527499996 -11.60718273699996
-71.43800573699997 -12.271546203999947
-72.02307438699995 -11.290552035999951
-72.36817371099994 -11.74827242699996
-72.64648128399995 -12.596499682999934
-73.57524391399994 -18.500413589999937
-74.15505801099994 -20.45090471499998
-74.35608612099998 -21.669017881999935
-74.73567758299998 -22.84030332499998
-75.52853453499995 -23.743376875999957
-75.56427485699999 -24.538248197999962
-77.28379771799996 -31.402285768999946
-77.70982367799996 -34.50230541999997
-78.21587538099999 -35.94018003299993
-78.59472376199994 -36.397628356999974
-78.83260931599995 -36.218765308999934
-79.16581751199999 -33.80154202799997
-79.24583664999994 -29.97178452199995
-79.40454617899996 -29.882959271999937
-79.61972061399996 -30.666386477999936
-79.69838191099996 -30.413650471999972
-80.12988112999994 -30.07967599699998
-80.27905591599995 -30.75073955499994
-80.44827482399995 -30.908677761999968
-80.36632805699998 -31.99953097399998
-80.25912540499996 -31.906715344999952
-80.14129689999999 -32.211886023999966
-80.24329852299996 -34.89139320399994
-81.11216750099999 -39.466441574999976
-81.73463117199998 -44.894066270999986
-81.86430735599998 -51.71066408199994
-82.38777831899995 -55.51855116999997
-83.03993840999993 -58.34069766599998
-82.91995405599994 -59.11478701799996
-82.65137608299995 -58.750242055999934
-82.53638550699998 -59.06617692599997
-82.46685232699997 -60.932307279999975
-82.62793572899994 -64.44722150299998
-82.48240141399998 -67.17023906299994
-81.95952423999995 -71.53276054999998
-81.70157407699998 -71.99811805899998
-81.41149193799998 -71.61293776599996
-81.27268859099996 -69.27471565199994
-81.04437229399997 -60.31197588799995
-80.73306804299995 -59.72378331599998
-79.88638771699993 -54.819132871999955
-79.99950385099999 -54.089379029999975
-80.62061732499996 -52.33560553099994
-80.83698003699999 -50.29382578099995
-80.46754398599995 -45.20946191799993
-80.17838822099998 -44.29744537799996
-79.90610297899997 -44.97691798599993
-79.97197417799998 -43.08708293799998
-79.88150015599996 -42.99182725299994
-79.74076368299995 -43.181526530999975
-79.45731000999996 -42.97040165699997
-79.35315730899998 -43.892884428999935
-79.49025295099995 -45.814502070999936
-79.37640512199994 -46.38359001499998
-79.26275854199997 -46.39095803199996
-79.13497783799994 -44.21360639699998
-78.85347566199994 -44.20379607499996
-78.87853327699997 -48.475180181999974
-78.53046582199994 -44.87618298499996
-78.00010085599996 -46.449840706999964
-77.73227252099997 -48.699121006999974
-78.52628943199994 -51.859763483999984
-78.65207408299995 -53.087520730999984
-79.05924451699997 -53.48547380699995
-79.52178581999993 -56.45391158799998
-79.76256444599994 -59.39318358099996
-80.16024038299997 -59.69298417799996
-80.70891488799998 -68.22393173099994
-80.86533396599998 -73.40609409299998
-80.57390499399997 -75.95795300499998
-80.34835787399999 -76.91146148099995
-80.14422018999994 -77.20487649999995
-80.27892112899997 -78.10664808099995
-80.04974532199998 -79.39467537899998
-79.90696099499996 -78.81118637299994
-79.92265556399997 -77.61482509099994
-79.56761045499996 -78.91338332999999
-79.39872274199996 -78.99056626399994
-79.27689295199997 -79.72409707299994
-79.23851809899998 -80.21633938799994
-79.66686781199996 -80.13479558299997
-79.80125065899995 -80.40089709599994
-79.32283756099997 -81.29462386799997
-79.05786306199997 -81.18409071099995
-78.83741523799995 -81.48763134699999
-78.62145401299995 -81.28604207999996
-78.37090501799997 -82.03147477299996
-77.90198124699998 -82.07887876899997
-77.54847853299998 -82.38998399199994
-77.08371309499995 -83.25993180099994
-77.06845548699994 -81.91670260699993
-77.32653760399995 -81.60172039699995
-77.42183123699994 -81.19768647799998
-76.95914673299995 -80.58127509499997
-76.69938476899995 -75.76554879299994
-77.17204157199996 -75.75133163399994
-77.27854891199996 -75.21941884999995
-77.58349296299997 -74.78191403899996
-77.87043045299998 -73.51623970699995
-78.15066222699994 -69.35626329599995
-78.00772863399999 -68.53718365999998
-77.48822729699998 -67.58390319199998
-77.09762141599998 -67.56819939099995
-76.85726983899997 -67.78684285999998
-76.61966544899997 -69.64481704499997
-76.40986770099994 -69.82358430599999
-76.00703806399997 -66.16908193899997
-75.62375210899995 -64.13572058399996
-75.40850286499995 -63.26274923799997
-75.31740477999995 -63.59355192899994
-75.16574929699993 -63.562444175999985
-74.84356485199999 -63.01611797099997
-74.83272884999997 -61.86042689399994
-74.57804384599996 -61.93207839299998
-74.24639928899995 -61.370202253999935
-74.05336764199996 -61.329652704999944
-73.78728337299998 -60.676260800999955
-73.51259746499994 -60.974144069999966
-73.28346261299998 -61.64434292499993
-73.27511862399996 -60.04869999799996
-73.12903896399996 -59.83649919099997
-72.53742342299995 -61.326878593999936
-72.30357821199993 -60.89277114599997
-71.87390434199995 -61.45825879499995
-71.77170348599998 -60.96803234199996
-71.38340570799994 -61.21050956899995
-71.18343133899998 -61.04525455099997
-70.52531627199994 -61.89139930799996
-70.45323611899994 -62.294283587999985
-70.08536524499993 -62.063750838999965
-69.80581334999994 -62.49009427499993
-69.46266724199995 -62.44634260099997
-69.35642744099994 -62.93878558299997
-68.63651267699998 -63.805493171999956
-68.58512180899999 -64.37766168499996
-68.73344578399997 -64.96702442599997
-68.59653044099997 -65.41114913899997
-67.56421943599997 -65.58431986099998
-67.24640468499996 -64.82677234999994
-66.90392977499994 -64.61833983899999
-66.73417088799994 -64.15712840499998
-66.35373664799994 -63.74133818699994
-66.36455715999995 -62.59480888999997
-66.00292572999996 -62.18847362599996
-65.77240130499996 -62.362053351999975
-65.65351721099995 -62.09599074699997
-65.43549451799998 -62.06515310899994
-65.20689809099997 -61.804354470999954
-64.43712892899998 -59.95054751799995
-64.42643057099997 -59.25034919799998
-63.67179902799995 -58.02119437999994
-63.57901844699995 -57.11352453699993
-63.38404455999995 -56.92686713099994
-63.23322274599997 -57.37099575099995
-63.49319900299997 -58.60807055199996
-63.810108954999976 -59.36742683699998
-64.00454214499996 -60.68448759599994
-64.29631840999997 -61.00653883099994
-64.63279941699994 -61.877953048999984
-65.18649993699995 -64.04687993399995
-65.42619483499993 -64.02465667699994
-65.90155908399998 -64.46738333799993
-66.10986653099997 -65.46281042899994
-66.76909560099995 -66.50005597999996
-67.17246453199994 -67.57473505599995
-67.40083182999996 -67.56840308199997
-67.49054886999994 -67.13872675999994
-67.75134328699994 -66.85709667299994
-68.37780444799995 -66.90999808299995
-68.50522356299996 -67.14600112499994
-68.67930570099998 -66.98929576599994
-68.94259658599998 -67.14427469299994
-69.08785705499997 -66.71877974199998
-69.30450826899994 -67.14621905399997
-69.37922587999998 -68.30553061999996
-69.54003603799998 -68.52161492499994
-69.68000995499995 -68.31163181399995
-69.94256083399995 -68.47446886699998
-70.11926788099998 -68.36342814599993
-70.30008393899993 -67.89709683299998
-71.03749903099998 -67.37521298399997
-71.45870742199997 -67.50658107899994
-71.88963167199995 -66.83707155399998
-71.97363729799997 -66.94984397199994
-72.30665919999996 -66.89096571499994
-72.78300787199998 -67.46796854899998
-73.10489847199995 -68.86239667599995
-73.66957998399994 -74.02289582899994
-73.80345386799996 -76.57344789899997
-73.63681756299997 -76.60926440799994
-73.55488053699997 -76.99449564699995
-73.51104342699995 -78.53962415699993
-73.34604719799995 -78.69099016199993
-73.07802514899998 -79.68885302099994
-73.35509858999995 -81.06319673999997
-73.76628314199996 -80.94196332799999
-73.91221956499999 -82.27444270899997
-73.68766470499997 -83.56733763099999
-73.59934868799996 -85.35880812299996
-73.52338467199996 -85.67876315699993
-73.37632228899997 -85.51822237999994
-73.24744730099997 -85.79125398199994
-73.34020565399999 -86.89529696199997
-73.17608379399996 -88.22985893899994
-73.05526538699996 -88.63648095899998
-72.71946486399997 -88.46885364299999
-72.67531247599999 -88.87340176699996
-72.78086259499997 -89.24988244999997
-73.05323797599993 -89.29078554399996
-73.26718509999995 -90.64039740999999
-73.16775404399993 -92.58739781399998
-73.31359422299994 -96.12532263299994
-73.00307661699998 -98.28895852099998
-73.01947760499996 -102.27960501099994
-72.75062011299997 -102.84204039499997
-72.79048160199994 -103.41377359599994
-72.98670190899998 -103.46862937299994
-73.31111741499996 -103.04563562599998
-73.48941461999993 -99.83446931899994
-73.65521957999994 -99.63074951199997
-73.73938903099997 -100.78978597899999
-73.59608485499996 -102.16018572299998
-73.70551045299999 -102.79793605399999
-73.89548309399999 -102.71261114899994
-74.06809707699995 -101.66466674599997
-74.43167047399999 -101.38304431899996
-74.53900692699995 -100.28810160499995
-74.78536926499999 -100.28677381499995
-75.04048648199995 -99.47854000799998
-75.12506377899996 -99.52602719099997
-75.24921142899996 -99.83695655999998
-75.28366004799994 -101.35859899799999
-75.06423724199993 -102.31404028099996
-75.04148063899999 -104.09382382899997
-75.32312109299994 -107.12404037099998
-75.13176052899996 -109.30266509899997
-75.28814090799995 -110.24672334199994
-75.09926889299999 -110.79111663999998
-74.71542166999996 -109.98981256299999
-74.29714383799995 -110.10480562799995
-74.18382574499998 -111.06386925199996
-74.29257199499995 -111.61449466499994
-74.69238171099994 -111.43465107199995
-74.86237068599996 -112.15037999199996
-74.57295641299999 -113.23777116799994
-74.45268528099996 -113.19694343599997
-74.30270982899998 -113.47689541399996
-74.18577927599995 -113.15179873399995
-74.07634145899993 -113.27998121299999
-73.93553033399996 -114.17405052499998
-74.01023723199995 -114.62066810599998
-74.19007985999997 -114.76259589699998
-74.32632430299998 -114.60760742999997
-74.47713458999993 -115.11422276699994
-74.53519485799995 -117.23590118899995
-74.39771040099998 -118.15943095199998
-74.60907539799996 -118.89183574799995
-74.74407238599997 -121.50291972099996
-74.64159411299994 -126.51845616099996
-74.86213803499999 -129.61531520299997
-74.73841898499995 -131.63285744599995
-74.83244690899994 -133.46096681999995
-74.55803852399998 -134.41614849999996
-74.71496229699994 -136.070098982
-75.01910800999997 -137.16359830199997
-75.10743065199995 -139.29167594999996
-75.47378558699995 -140.284326685
-75.49600733599993 -142.22578130999995
-75.94430347499997 -146.09864886499997
-76.04041585999994 -146.25835894799997
-76.28426611499998 -145.63425479399996
-76.41786492599994 -145.98754601899998
-76.10707251799994 -147.95207022099996
-76.15012133999994 -148.45228561699997
-76.28315030199997 -149.08859501099997
-76.44648416599995 -149.09191995099997
-76.45647661399994 -146.86302291699997
-76.68588422699997 -145.89145636099997
-77.02417740899995 -145.52260099499998
-77.23207149399997 -146.11129270499998
-77.24178591399993 -147.07535224199998
-77.65189543099996 -149.30771036599998
-77.69577689599998 -150.00904434399996
-77.38192246499995 -151.31025481899997
-77.48775743899995 -152.73593103199997
-77.38916810099994 -153.05422236899997
-77.28721293399997 -153.04589278099996
-77.09975054599994 -155.10067674499996
-77.10976275099995 -156.00056587899996
-77.31918143399997 -156.30442360499998
-77.24905782399998 -157.71911492699996
-77.55110048299997 -157.66342623199998
-77.88662702699997 -158.12029572599997
-78.02133005899998 -157.78840988899998
-78.22573995799996 -156.92599073699998
-78.10351437999998 -154.55267190599997
-78.25654759399998 -153.75289869099998
-78.44458199899998 -153.87467971199996
-78.63653828999998 -155.90834684899997
-78.76151571899999 -155.65504999499998
-79.09062609599994 -153.98968488299997
-79.17255754299998 -152.38290789399997
-79.85384691499996 -146.97966547999997
-80.01549957699996 -146.31445956199997
-80.46071154199996 -145.48731432299996
-81.35728717299997 -148.74111255499997
-81.00208107999998 -155.01122559199996
-81.23261421899997 -156.89683883499998
-81.58451360199996 -154.04798768299997
-81.89322750299993 -154.84991004999998
-82.54911477499996 -151.81576152499997
-82.70576673499994 -151.87462202499998
-83.08738623399995 -152.96976891199998
-83.64815759699997 -152.90590113999997
-83.81841182299996 -153.19502082099996
-84.01256451599994 -153.01532315499998
-84.32390109099998 -151.65354273299997
-84.52470680799996 -149.79291895699998
-85.02211245399997 -138.74449260999995
-85.18778218999995 -139.045420864
-85.24903405799995 -139.86185338399997
-85.09046140999999 -148.10115807099996
-85.13351941799993 -148.90608716899996
-85.46322083899997 -150.20204676399996
-85.32879441499995 -153.09642463799997
-85.43629688399994 -157.66339671599997
-85.26105667899998 -162.30033767599997
-84.55451632599994 -171.44093722299996
-84.42903923399996 -179.99998854099996
-88.99999992199997 -179.99998854099996
