-10.858264959999929 142.51629636500002
-11.149441882999952 142.15887022000004
-12.051664913999957 141.80539530300007
-16.074376964999942 141.4265763620001
-17.35972086499993 140.88580228700005
-17.579995939999947 140.61996033600008
-17.719162857999947 140.13216927700012
-17.354167853999968 139.28360434
-16.91485990299998 139.03108223900006
-16.654714963999936 138.118833278
-15.611947867999959 136.34106329400004
-15.177499910999927 135.85190430800003
-14.669440906999967 135.50582726000005
-13.96194189199997 135.92467833900002
-13.491664986999979 135.8641353490001
-13.174441969999975 136.37106028200003
-12.544162914999959 136.74523531300008
-12.239719952999963 136.36391437300006
-12.266665927999952 135.08386230300005
-12.00118389599993 134.6726793250001
-11.61083598199997 133.09911932400007
-11.808889960999977 132.6246662200001
-12.150268952999966 132.4443513650001
-12.355279910999968 130.97940322800002
-12.570901856999967 130.57551921100003
-13.507919006999941 129.90950122900006
-14.503057948999981 129.4549563180001
-14.840269960999933 128.90277028200012
-14.90458396899993 128.40942621200008
-14.08610587399994 127.52109920200007
-13.84856893999995 127.0747442490001
-14.555968879999966 125.55302430800009
-15.151390952999975 125.14721429800011
-15.34277595499998 124.66080927000007
-15.937217008999937 124.48776621900004
-16.788058973999966 123.71775329400009
-16.952218882999944 123.20470823100004
-16.864729917999966 122.52706220300001
-17.36305099499998 122.14387830100009
-17.89360987699996 122.211099321
-19.123054864999972 121.4885883180001
-19.557781939999927 121.07610027600003
-19.791943984999932 120.55941931200005
-20.11694289299993 118.94998526800009
-20.676392015999966 117.68539529500003
-20.806109008999954 116.47553428800006
-21.922918987999935 114.62540433800007
-22.913332883999942 113.80080628000007
-24.23076187299995 113.38407934400004
-26.031112871999937 114.19553726000004
-26.32777994199995 113.95888226900001
-26.967499869999983 113.7991412990001
-27.505555861999937 114.09332430800009
-28.15055890399998 114.19720224100001
-29.335552982999957 114.92823629800012
-30.477221003999944 115.05448821300001
-31.716394867999952 115.7058182500001
-33.31027695999995 115.66775720100009
-33.866107951999936 114.95776524000007
-34.323892969999974 115.07388326600005
-34.38360799599997 115.49567723100006
-35.033056966999936 116.60193020300005
-35.03013201799996 117.8379722520001
-34.33181303099997 119.46748531200001
-33.97805899699995 119.81289633500012
-33.85694602799998 121.0516563000001
-33.90847092799993 123.4701272310001
-33.61583588899998 123.85998932900009
-32.98555700199995 124.28193634800004
-32.25458597599993 126.13080633000004
-32.266942911999934 127.33471836500007
-31.70332697799995 128.95245921000003
-31.543333879999977 131.36496323100005
-32.09166792899998 132.97356931000002
-32.21388797999998 133.7566593460001
-33.16451298099997 134.40866429400012
-33.35278393899995 134.8085883650001
-34.495342955999945 135.39311128100007
-34.63833487299996 135.87497130600002
-34.04097792199997 136.4134593010001
-33.64333992999997 137.2268973580001
-34.52528596399998 137.88914432100012
-34.86292092799994 138.48108337700012
-35.21166191299994 138.467475357
-35.55471493799996 138.90054633500006
-35.69138891099993 139.33583130800002
-36.554578926999966 139.82349630400006
-37.014307877999954 139.73372125900005
-37.331386893999934 139.84133433500006
-38.07388689199996 140.77179029900003
-38.36750294899997 141.63579922700012
-38.41277293799993 142.53524131100005
-38.79444491199996 143.44386325400012
-38.642560970999966 143.9057433360001
-38.10111198399994 144.52691427900004
-38.04306193999997 145.09925125000007
-38.728609923999954 145.82358028800002
-38.86278189799998 146.16579629600005
-38.569579906999934 146.9881443160001
-37.90236498999997 147.96398728000008
-37.696390949999966 149.67281728400008
-37.52221399599995 149.97163531900003
-37.06916290799995 149.90664623200007
-35.73583998699996 150.27527730600002
-33.07000400599998 151.66899032900005
-32.26362200199998 152.54135132200008
-31.243337014999952 152.97301833100005
-30.72083297399996 153.00524725100001
-28.661038936999944 153.62419531500007
-27.082780878999984 153.1572032780001
-26.17916293199994 153.10053038
-25.28263691199993 152.8090113080001
-24.84207787699995 152.48759432100007
-23.617222986999934 151.05213925100009
-23.13034086099998 150.75575129800006
-22.731946989999983 150.81912033100002
-22.07722395899998 149.5208072790001
-21.62944693099996 149.44165227300005
-20.12562788599996 148.47044433400004
-19.803607905999968 147.7622073770001
-19.412359941999966 147.4319163020001
-19.14361097999995 146.56524326900012
-18.747214851999956 146.28108635700005
-18.268891990999975 146.02331735300004
-17.552779899999962 146.08550738700012
-16.28749691099995 145.44621024200012
-14.803171992999978 145.07586037600004
-14.380000880999944 144.15359436900007
-13.936111883999956 143.60134530200003
-12.56618586299993 143.3615492770001
-10.858264959999929 142.51629636500002
