65.06890987700007 179.9999885410001
68.98009594200005 179.9999885410001
69.37220822800003 178.74328532800007
69.82666311700007 176.23718126400001
69.85971111800006 173.05246825900008
70.09526807800006 170.78305539500002
69.73887709800005 170.3613512830001
69.60248207600006 170.38189834500008
69.44442419200004 170.74300532000007
69.06553316500003 171.00775829400004
68.77581419000006 169.78305628900011
68.86303309000004 169.44051640400005
69.04720009900007 169.4020773310001
69.27915720000004 168.23331028100006
69.60276119300005 168.10080328800007
69.74359309200008 167.60466938500008
69.52331818500005 166.58996439800012
69.73275713500004 163.8955353980001
69.45887811300008 160.922205275
69.66219710100006 160.6866483130001
69.80137307100006 159.80440539200004
70.28276521800007 160.10371829400003
70.66942308300008 159.68025934700006
70.97137309900006 158.44913127300003
71.07859909900003 155.7305283610001
70.86748611500008 152.2963533200001
71.24275917600005 151.732179319
71.65220508900006 149.5402563120001
71.83193522200008 149.9807972420001
72.00416807700003 149.93220634300008
72.20915221400003 149.24078130400005
72.34664509800007 145.79497838400005
72.53580721900005 145.52969433300007
72.85138319200007 141.35052634900012
72.52858922700005 140.80636833100004
72.47303212900005 139.46912133900003
72.32359620600005 139.16568621700003
72.09686807100007 139.74035436200006
71.91165717900003 139.6443602810001
71.60442421700003 139.7994122460001
71.44136217000005 139.37016626600007
71.58790918600005 138.5889123710001
71.34109315000006 137.45189731100004
71.59776412500008 136.17220532800002
71.58831419900008 135.4408022980001
71.36623919500005 134.27388027300003
71.66804520900007 132.98886024900003
71.67040320700005 132.25483821000012
70.85747812200003 131.4980192390001
70.83728209400005 130.8922743500001
71.32360615300007 129.41995533400006
72.11137614000006 128.256777338
72.35082113000004 127.45054822000009
72.28998108600007 126.24608733900004
72.74637118900006 123.8597102120001
73.02470519300005 119.56374023900003
73.16748119100004 118.64721634000011
73.58610713100006 117.95166019700002
73.69608708900006 115.79609721500003
73.57111308000003 113.98165221200009
74.00011615300008 109.98678635300007
73.84484810200007 109.70345723800006
73.50832910500003 110.10220231000005
73.17276413700006 106.98234327600005
73.35706609500005 106.82263834800005
73.62664318900005 107.32916731900008
73.75249008900005 108.40165228500007
74.47470420600007 110.54470527600006
75.19358819200005 113.3952663340001
75.41276523700003 113.64414331300009
75.52957611100004 113.34151821800003
75.84505317800006 113.89137324800004
76.10637711500004 113.43775520700001
76.70721708200006 111.22553726600006
76.71304921000007 108.58638624700006
76.53109619700007 107.31609020900004
76.65498122900004 106.78692624300004
76.86893819300008 107.33991325500006
77.01165115900005 107.13220231700006
77.09359616500006 105.49359019800005
77.26165315600008 105.53665524300004
77.42414808500007 105.97748434300007
77.68518418700006 104.26255231200008
77.58388017000004 102.91969833000007
77.36401010800006 102.02886932300004
76.87858609900007 100.84971625600008
76.61053920500007 101.10164424800007
76.46775415400003 99.68165127400005
76.22192818800005 99.00360023300004
75.96554521600007 96.99525917800008
75.96269218300006 96.33388527400007
76.14333108200003 95.71804220300004
76.07026016500004 93.34366226300006
75.94831923100008 92.86526731700008
75.79914415300004 92.88749729700004
75.39248807300004 88.85026829400005
75.03580909000004 87.46859721500005
74.79832613500008 87.03748827300006
74.72109712300005 86.39803824300003
74.60331411700008 86.31191720500004
74.45359907600005 86.45526032200007
74.39715114900008 86.17681819200004
74.25804709600004 86.21527520200004
74.17393318800003 86.79664819800007
73.93248123500007 87.13777523000005
73.58082418600003 80.71499723200003
73.38108712000007 80.38831523800008
72.90915411900005 80.83610131700004
72.65041314900003 80.67386723300007
72.44971317100004 80.90610328500009
72.19151216300008 82.30929322400004
72.01527409900007 82.47082523900008
71.70304619300003 83.51610321700008
71.56526513900008 83.63081727400004
71.23803412900008 83.15019928000004
70.63361207200006 83.67665421500004
70.40304117000005 83.65498230100008
70.41080817700004 83.00027720700007
70.84686713600007 83.14666228500005
71.06721412800005 82.33943421200007
71.25666408300003 82.25721930900005
71.57655120400005 83.17523719800005
71.77575719200007 82.77346827100007
71.70803208500007 81.65304921200004
72.38053916800004 79.23526224400007
72.24748316000006 77.78193326900004
72.11249210600005 77.77276229400007
72.01554416400006 78.17110218400006
71.83639020300006 77.83692324700007
72.01720914500004 76.55276723000003
71.87831212400005 76.06109719400007
71.54054221300004 76.49248525300004
71.31331015800004 77.57082916900004
71.17372917400007 77.14081825700003
71.30831521400006 75.44970927200006
71.65942308100006 75.49547429600005
71.84125908300007 75.22235132200007
72.02707313700006 75.41803825100004
72.06580909600007 74.81387720700008
71.86913209700003 73.73412915300008
71.50276916600006 73.19358926800004
70.65525716400003 74.32054218800005
69.69999713700008 73.54443629000008
69.49332119700006 73.84582823900007
69.25193210800006 73.79581526700008
69.09013019600008 74.68650915800004
69.22818114700004 75.83498127400003
68.92053411900008 77.44413620000006
68.72082421100004 77.74386316700003
68.23914423000008 78.02262917500008
68.18969821000007 77.64414316200003
68.58442918900005 77.19858918400007
68.98581120800003 76.32527416300007
68.74748218400003 74.55887121300003
68.32887418000007 74.42164822500007
67.97386906400004 74.81191517000008
67.67137020100006 74.70470727600008
67.39749117800005 74.04109221800007
67.06944108900007 73.91859321700008
66.93969710700003 73.71138620000005
66.45957414800006 72.36178227100004
66.28054608300005 72.21331831300006
66.36026820900008 70.23609926500006
66.56025706600008 69.23081721400007
66.78874020400008 69.61067115300006
66.80269020500003 69.98074223700007
66.50972206900008 70.74275430100005
66.75971518200004 71.51582729100005
66.92886115000005 71.56109728000007
67.06811809000004 72.01089015400004
67.48580810700008 72.45664228100003
67.85456507700007 73.20436219300007
68.09207518900007 73.07180122000005
68.58693118700006 73.51331428400005
68.90942809700005 72.61192827000008
69.12526612800008 72.48137426000005
69.77998010700003 72.67081516200005
70.30971119300006 72.46609220600004
70.53067911600004 72.77526021400007
70.95998812800008 72.71026224400003
71.42442418700006 71.84610026100006
71.71974110000008 72.36415820500008
72.33553907700008 72.83637920800004
72.72249416400007 72.76971625600004
72.90359222300003 71.16858918100007
72.85997816400004 69.29637325300007
72.58137409500006 68.92692326700006
71.81889415400008 68.46554727300008
71.20972022800004 66.83665531100007
71.05040220900008 66.74499014700007
70.72165910400008 67.33791022200006
69.75415915200006 66.76734619200005
69.40108908100007 68.09942724900003
69.23997113200005 68.09471125600004
68.94609423000003 68.55775223100005
68.83332410400004 69.09526826100006
68.51720816900007 68.78719828200008
68.41137708600007 68.15943027700007
68.88916015300003 66.80498429000005
69.54193020100007 64.15054216500005
69.84360110000006 61.02387920400008
69.55290110600004 60.21568821800008
68.99040113800004 60.94429219400007
68.35386717200004 59.509989301000076
68.42457120700004 59.07235521500007
68.90887019800005 59.10040827200004
68.94303416500003 58.489434248000066
68.54358719200007 57.141666291000035
68.62303020000007 56.14499714800007
68.21361110900006 53.96166022800003
68.37886016300007 53.72526625000006
68.80970809200005 53.93138429100003
68.91943609000003 53.470269141000074
68.69548018600005 52.583994189000066
68.49413211900003 52.31109618500005
68.27442416400004 50.588325231000056
67.82228217700003 48.80200520200003
67.47415307100005 47.93665516900006
66.93858114000005 47.59832719000008
66.86998314100003 46.56124822100003
66.90109609500007 45.81499514200004
67.13484407400006 45.634995280000055
67.32101821400005 44.99250328900007
67.68496916800007 45.347769250000056
67.82748415400005 46.40887812900007
68.08665712700008 46.54944013100004
68.48220718500005 45.903321291000054
68.55276722000008 44.48915122600005
68.39276507000005 44.00138715700007
68.26456922500006 44.244918158000075
67.66450307500003 44.03088927600004
67.34221319700004 43.75818925200008
67.01158014100008 44.40833123900006
66.83582822700004 44.48512824800008
66.41192822500005 44.21776515000005
66.28276007900007 43.64666115800003
66.46887118700005 42.083325235000075
66.18664915400007 41.64777019600007
65.65914111600006 40.02248714700005
65.51040709400007 39.72381328200004
64.92345409700005 40.375962231000074
64.72499510400007 40.41276314500004
64.61004719200008 39.91603513200005
64.76138211900007 38.49083113000006
65.14776120300007 37.369152271000075
64.92261708000007 36.65304923300005
64.74387718500003 36.56193325100003
64.25011921700008 37.92263415000008
64.05699714900004 38.084508147000065
63.88130810000007 37.584162169000024
63.96388309000008 36.596655285000054
64.45790207100003 34.960680280000076
64.83831407700006 34.936101188000066
65.27818009600003 34.47443719100005
65.88026209300006 34.86776420100006
66.46693614100008 33.44499028000007
66.73338108600007 33.79777218100003
66.08748721600006 37.90998921100004
66.11914013200004 39.276378237000074
66.45387713600007 40.56554713500003
66.94651008500006 41.30193622300004
67.11914812200007 41.39082915600005
67.25095321500004 41.11069522200006
67.58942519500005 41.03416827900003
69.17303811500005 35.97498913900006
69.33137511600006 33.719157137000025
69.77665919700007 32.91693322900005
69.89887908100008 32.21333112900004
69.75776823200005 31.240827180000053
69.83458317800006 29.771523135000052
70.06833115600006 29.77137913400003
70.25887914100008 30.91111227700003
70.43248914300005 30.82583714100008
70.59970911800008 30.341736130000072
71.04790909500008 28.26124214400005
71.02972019800006 27.26568913600005
70.88916708100004 27.205272210000032
70.73277417800006 26.68777216600006
70.96637815600008 24.783885215000055
70.14637908000003 23.35777211100003
70.26277622300006 21.62118610500005
69.80540510200007 20.80500314300008
69.77584011800008 19.27222210700006
69.10367518400005 17.636454135000065
68.80749409600003 17.43027323000007
68.60283417200003 16.566318113000023
68.20609623000007 16.34927426200005
67.88665016400006 15.330825247000064
67.07082712100004 14.297769256000038
66.68693209900005 13.321665112000062
66.43333007400008 13.155138154000042
66.27360720900003 13.211244099000055
65.70054118000007 12.434715250000067
65.23054322500008 12.422214145000055
64.94943715900007 11.54721620600003
64.45166509700005 11.273337183000024
64.41388316500007 10.672218099000077
64.06637515800003 10.020276182000032
63.70111008900005 9.732771203000027
62.18416012100005 5.483610136000038
61.627222216000064 5.117769230000022
60.84130613900004 5.045760132000055
60.63916615000005 5.534442188000071
60.17916713400007 5.450832200000036
60.04465317800003 5.684931213000027
59.69971908600007 5.430834153000035
58.97287916500005 5.712309191000031
58.667635061000055 5.508477231000029
58.11138111900004 6.781662175000065
58.00555020400003 7.483887129000038
58.37721418500007 8.691948206000063
58.841380180000044 9.409446160000073
59.20527715500003 10.327221143000031
59.220271206000064 10.764720112000077
59.003605211000036 11.113335200000051
58.31194614900005 11.384163210000054
58.00609921800003 11.795553222000024
57.66138121200004 11.82999613800007
57.18610919500003 12.148056172000054
56.64360710700004 12.785004205000064
56.06194610800003 12.681387118000032
55.34137920400008 13.295421206000071
55.42555614300005 13.730553126000075
56.100961185000074 14.712363166000046
56.14777009100004 15.775839263000023
56.72083612000006 16.374996144000022
58.44269813900007 16.82639113600004
58.63721512300003 17.034444222000047
58.904794139000046 17.893953242000066
59.21972219100007 18.30999621600006
59.46694307300004 18.37332920600005
59.86560717600008 18.969219156000065
60.353884218000076 18.313893130000054
60.77166409000006 17.283609203000026
61.63471915800005 17.185554179000064
62.46798410400004 17.658261165000056
63.17012808900006 18.737361129000078
63.79916511300007 20.535003265000057
64.33526812100007 21.390552171000024
64.53248508300004 21.554163234000043
64.66291319700008 21.297357142000067
64.88902911700006 21.205971263000038
65.69110014000006 22.257774219000055
65.80082813800004 23.51832310900005
65.77346809700003 24.22026911300003
65.47874512600004 25.351245179000045
65.10943914100005 25.291395204000025
64.79915516600005 24.539580229000023
64.03636911800004 23.511393119000047
63.12527216600006 21.518613235000032
62.76735115300005 21.105630159000043
62.49139308400004 21.114999115000046
62.25999421700004 21.371661205000066
62.06944606500008 21.285558105000064
61.65333117400007 21.53527226800003
60.653611186000035 21.35861125300005
59.94221508900006 23.365827120000063
60.53152608400006 27.02450724700003
60.52943815200007 28.14666320400005
60.49027018900006 28.581939125000076
60.289165197000045 28.87611325000006
59.93054211600003 29.028330121000067
59.42860307500007 27.553059166000025
59.59193518700005 25.712910220000026
59.23972007100008 23.613606237000056
58.99179712100005 23.44429816300004
58.57694219800004 23.501106177000054
58.18276911800007 24.452496111000073
57.87182817000007 24.314985122000053
57.35430113600006 24.409161169000072
57.12886917900005 24.22332917800003
56.976652140000056 23.586111248000066
57.535273131000054 22.751109237000037
57.68471810700004 22.281390231000046
57.595825174000026 21.85624819800006
57.33388013800004 21.48248723300003
56.61415913400003 21.026664249000078
56.36360812200007 20.968605152000066
55.46693810200003 21.245823190000067
55.149166070000035 21.190824158000055
54.94304819700005 20.755269120000037
54.94193206300008 20.36194211000003
54.314164058000074 19.478745161000063
54.34513317900007 18.970551208000074
54.83403115200008 18.04332613400004
54.73027006400008 17.251110217000075
53.77499210000008 13.959162160000062
54.37250210500008 12.764718155000025
54.19110715800008 12.129714221000029
54.20548011100004 11.09395825200005
54.43555614500008 10.368333204000066
55.18951319900003 9.574578203000044
55.41819415000003 9.589716255000042
55.67139116100003 9.831663244000026
56.207215219000034 10.589715193000075
56.521666174000075 10.646109141000068
56.69611319300003 10.316106235000063
57.018331154000066 10.123605100000077
56.91602818100006 9.178200180000033
56.58166014900007 8.396109099000057
56.34916308500004 8.12277020700003
56.07172913100004 8.146107103000077
55.55332920500007 8.307504168000037
55.317079060000026 8.66179816400006
54.80672509100003 8.651322126000025
54.13166219800007 8.971110174000046
53.846668101000034 8.756388110000046
53.68631508500005 8.484102152000048
53.642215210000074 7.184718228000065
53.30027815100004 5.599161209000044
53.07277619900003 5.301666174000047
52.74826310600008 5.59674018100003
52.35526919200004 5.627079150000043
52.25248912200004 4.441662119000057
51.60666716800006 3.8349992440000733
51.09402711900003 2.5555592200000206
50.995279079000056 1.9433341150000274
50.68471615400006 1.56416413900007
50.06578619600003 1.3724281030000611
49.34499415400006 -0.6219448449999732
49.47526921300005 -1.244717904999959
49.21499821100008 -1.6097217949999276
48.914443111000026 -1.5641638029999285
48.65763718800008 -1.867085784999972
48.630691213000034 -2.4659008519999475
48.82429909500007 -3.373190910999938
48.63583015700004 -4.539311793999957
48.334717158000046 -4.711391763999927
47.79388005100003 -3.792779765999967
47.599714102000064 -2.8888377729999775
47.240272109000045 -2.2812569119999466
46.44535604600003 -1.6542987669999434
46.30499219300003 -1.26583175199994
45.477217058000065 -0.9954178089999459
45.20861209700007 -1.1683347949999643
43.784722041000066 -1.4247177679999368
43.378885041000046 -1.7299979139999664
43.29610318500005 -2.2955577799999674
43.43278604300008 -2.856392767999978
43.56485214700007 -7.204724824999971
43.734448057000066 -7.516664895999952
43.70389317000007 -8.00666089899994
43.384717169000055 -8.40555885799995
43.20388917500003 -9.03527984599998
42.79978907200007 -9.132380840999929
42.39138704100003 -8.840834778999977
41.724298187000045 -8.873054813999943
41.04193616500004 -8.657216783999957
39.85055205800006 -8.984726910999939
39.16305109100006 -9.364724850999949
38.67666416800006 -9.322226756999953
38.463607086000025 -8.99278191999997
37.10889120100006 -8.658890816999929
37.165555046000065 -6.90472779199996
36.07722107400008 -5.80222790199997
36.71054209000005 -4.324715793999928
36.786529072000064 -2.584304789999976
36.97221706100004 -1.9022218849999604
37.22749312000008 -1.7945818189999727
37.49096818800007 -1.4483337799999276
37.579168106000054 -1.0483377929999733
38.324998067000024 -0.5116678329999331
38.53694806800007 -0.14513391099995943
38.88920811100007 -0.04112086299994644
39.438055132000045 -0.3376348789999497
40.771108156000025 0.7305572120000647
41.84860617000004 3.123612200000025
42.23374305500005 3.21374716400004
42.72833804100003 3.038058114000023
43.04138519400004 3.07778414400002
43.47555420100008 3.8436121520000484
43.43388407200007 5.188608215000045
43.19047913500003 5.678469101000076
43.163056063000056 6.40611016400004
44.42555810400006 8.815554120000058
43.84333015300007 10.252215179000075
43.05277016600007 10.53333013100007
41.457835138000064 12.656106124000075
41.07804406300005 13.89999614900006
40.028608158000054 15.458607193000034
39.25638106900004 16.05333625000003
38.721664092000026 15.984441196000034
38.60277417100008 16.561665151000057
38.91708112500004 16.83487814700004
39.49277504600008 16.963056223000024
39.89804509500004 16.563330133000022
40.147084180000036 16.688052182000035
40.45499205300007 17.245827104000057
40.942774059000044 17.321949201000052
41.25222118500005 16.491942134000055
41.67694915200008 16.03055725400003
42.26138204600005 14.504166246000068
42.71111205600005 13.987215216000038
43.35055320200007 13.71166216000006
43.622776128000055 13.426110164000022
44.08860710400006 12.545829112000035
44.47611120600004 12.27999621300006
44.80389106300004 12.35610925900005
45.19748813800004 12.233331141000065
45.53305310600007 12.394449257000076
45.737443133000056 13.367943109000066
45.15777116000004 13.603059181000049
45.076870204000045 14.160132203000046
45.18221513700007 14.674446119000038
43.88194910100003 15.533892106000053
43.27248717300006 17.045001229000036
42.840829049000035 17.552502166000068
42.04333018700004 19.13860820000008
41.570002102000046 19.520001224000055
40.81971716000004 19.40499916500005
40.197493113000064 19.503054189000068
39.937492175000045 19.937502145000053
38.93166110900006 20.781108181000036
38.11416420000006 21.36721510900003
36.85666615500003 21.924234151000064
36.814987142000064 22.296942182000066
37.178047099000025 22.90440619900005
37.75804311700006 23.148612111000034
38.039302070000076 23.511663184000042
38.507770160000064 23.399433188000046
38.92860104400006 22.93776919100003
39.35277111100004 22.995279106000055
39.957913174000055 22.702842215000032
40.39666305900005 22.899438245000056
40.27985218500004 23.401035137000065
40.740967167000065 24.152922197000066
40.915558188000034 24.887502135000034
40.82971609900005 26.02278012900007
42.006943172000035 26.93305816900005
42.09137207100008 27.30916824800005
42.44721420500008 27.61666222100007
43.28083018500007 28.053324174000068
43.59165412100003 28.57756511300005
44.32770106000004 28.64430015000005
44.749018095000054 28.86596125600005
44.808886174000065 29.450826154000026
45.32221018700005 29.760408229000063
45.735058147000075 29.802141221000056
45.87360413300007 30.246246136000025
46.379008086000056 30.765132213000072
46.60804007000007 31.268052272000034
46.65332816400007 31.64706919400004
46.17304309900004 32.243319231000044
46.12609907700005 32.74470925700007
45.19012614500008 33.17540413300003
45.08749007500006 33.56651714800006
44.67249115100003 33.538608260000046
44.39810820900004 33.83874024100004
44.89193809400007 35.14887026800005
45.33859010200007 35.38276224800006
45.78555710200004 34.64915427500006
46.08220606700007 34.631514225000046
46.544716133000065 35.69915713300003
47.094985060000056 38.071386277000045
46.10359919800004 38.16152124100006
44.97977809300005 37.20291314700006
44.742628067000055 37.374426164000056
44.69284006600003 37.86540318600004
42.75776807700004 41.37137123900004
42.125815156000044 41.65914628300004
41.63443312100003 41.616099174000055
41.32470704600007 41.23470615100007
40.95721004400008 40.26915013000007
41.07415620100005 39.21083125100006
40.95000110400008 38.709990238000046
41.14490516400008 37.152279243000066
41.71305705000003 35.286651154000026
42.03665215700005 34.91721022200005
42.00416205600004 33.543612256000074
41.80916814300008 32.53026614300006
41.08930313800005 31.23347423900003
41.19554812000007 29.47110315100008
40.643884109000055 29.001393199000063
40.39638410900005 28.483326202000057
40.38291103800003 26.962497257000052
39.991096123000034 26.248878112000057
39.22137120000008 26.728884227000037
38.35360013800005 26.793054234000067
37.71249417900003 27.225270258000023
37.342207176000045 27.31360512400005
36.20554315100003 29.504439154000067
36.21165406100005 29.975823140000045
36.494425109000076 30.52832416900003
36.84416505000007 30.763323230000026
36.816112160000046 31.28985913400004
36.429436191000036 32.14915223600008
36.099433118000036 32.501097120000054
36.06832904800007 32.86444524800004
36.20638016800007 33.745275148000076
36.63360108000006 34.35402612200005
36.76305706000005 34.87721412600007
36.579790099000036 35.55853226600004
36.218881106000026 35.85026725700004
34.73860615500007 35.93139318400006
31.626388063000036 34.51111220800004
31.13332311100004 33.74388911600005
31.11597106200003 32.499783173000026
31.545136073000037 31.10722215800007
31.273606163000068 29.99944820500008
30.87694919000006 29.337219179000044
30.920824095000057 28.82708112800003
31.610557163000067 26.008605157000034
31.518613049000066 25.481106173000057
31.985272157000054 24.543054193000046
32.20722109800005 23.28000313700005
32.58401513900003 23.103333237000072
32.78387810100003 22.572504123000044
32.86999008600003 21.534714201000043
32.61138406500004 20.70416717100005
32.18472105300003 20.084445122000034
31.704994054000053 19.92444314000005
30.943333193000058 20.108889267000052
30.294163172000026 19.344996137000066
30.298879166000063 18.90527412000006
30.996946193000042 17.604162183000028
31.33888308400003 15.863895180000043
31.659859182000048 15.488055166000038
32.03805719200005 15.360003154000026
32.44610818900003 14.79055525900003
32.918887092000034 13.251105246000066
32.80082513600007 12.559446184000024
33.748597106000034 10.266390150000063
34.08027404400008 10.019160216000046
35.06214711600006 11.01486611100006
35.562718063000034 11.013714101000062
35.86235517700004 10.604862130000072
36.88679809100006 10.713195211000027
37.32833814400004 9.85868113600003
36.87472010400006 8.051391093000063
36.974521079000056 6.25374912500007
36.71061417400006 5.091318123000065
36.886105076000035 4.699161227000047
36.89471815200005 3.9975032250000595
36.52971409500003 1.406394090000049
36.26943404100007 0.537786178000033
35.94250008500006 0.08444708800004719
35.71138905300006 -0.9027808469999741
35.11721806400004 -1.780550848999951
35.24693505700003 -3.1683328379999693
35.17998410200005 -4.51900780699998
35.70027414700007 -5.320277854999972
35.80554716300003 -5.744447754999953
33.94166519300006 -6.933338915999968
33.11402517500005 -8.629577792999953
32.51026914400006 -9.270836805999977
31.114999096000076 -9.844442795999953
30.373741129000052 -9.608192818999953
29.962774068000044 -9.736946898999975
29.263339115000065 -10.30694380899996
28.340416136000044 -11.451104776999955
27.77735810000007 -13.022360927999955
26.625556190000054 -13.709726778999936
26.397496171000057 -14.197778849999963
26.055838062000078 -14.483609796999929
24.541660157000024 -15.031394829999954
24.201109130000077 -15.457499775999963
23.24805404700004 -16.109441859999947
22.412503188000073 -16.46055877899994
21.945421129000067 -16.91625586699996
21.463057185000025 -17.00583292999994
21.113605079000024 -16.889165890999948
20.661391176000052 -16.64833486799995
20.52611212000005 -16.377785807999942
20.00082713100005 -16.216667859999973
19.633744027000034 -16.334441813999945
17.734582124000042 -16.03944877699996
15.55527706600003 -16.670285898999964
14.931109089000074 -17.129168780999976
14.486662024000054 -17.089442917999975
14.012497090000068 -16.77583786499997
13.380553053000028 -16.599725864999982
12.579031045000022 -16.775000847999934
12.171799128000032 -16.45528488499997
11.875276059000043 -15.92936991299996
10.667917051000074 -14.62194891699994
10.293607070000064 -14.457500838999977
9.944722084000034 -13.940837810999938
8.948053109000057 -13.229162763999966
7.81777911100005 -12.870278837999933
6.0548680620000255 -10.240973872999973
4.996243075000052 -9.030284901999948
4.423888168000076 -7.816661761999967
4.452499124000042 -7.301105814999971
5.038894054000025 -5.8211098139999535
5.197501121000073 -4.349726889999943
4.8769481400000245 -2.2572177809999516
4.913605053000026 -1.7363877749999688
5.76416806800006 0.4647150930000521
5.852917168000033 1.0019431210000675
6.165343054000061 1.4035591620000218
6.426109092000047 3.845277134000071
6.170977034000032 4.705974205000075
5.390137037000045 5.375970238000036
4.923055146000024 5.451948167000069
4.381390074000024 5.868612240000061
4.312216071000023 6.40500325000005
4.525552104000042 7.561395258000061
4.5026381600000605 8.714160249000031
3.3966641380000624 9.81194414600003
2.84694405700003 9.874449172000027
0.955972111000051 9.559998218000032
-0.5147179649999316 9.186948205000022
-0.7561068859999409 8.958474120000062
-1.315285944999971 9.04666515200006
-2.2550029049999694 9.580554164000034
-4.3475029619999646 11.558610229000067
-5.32333687199997 12.176109229000076
-6.257230924999931 12.362778237000043
-8.581426902999965 13.368771241000047
-8.957779888999937 13.099716171000068
-9.30111186399995 13.116663206000055
-10.851388948999954 13.781943245000036
-12.169726869999977 13.662504142000046
-13.192495918999953 12.766662254000039
-14.190001910999968 12.317292163000047
-16.089172866999945 11.78153113600007
-17.761948952999944 11.732499181000037
-20.115070878999973 13.116663206000055
-20.862368008999965 13.403889236000055
-22.334443947999944 14.416389112000047
-24.103340011999933 14.462640118000024
-24.89305393099994 14.787081128000068
-27.162223885999936 15.270003139000039
-28.162780891999944 15.898608161000027
-29.094370926999943 16.818327241000077
-30.342292981999947 17.277921243000037
-31.594444881999948 18.114444235000065
-32.48778493999998 18.33374717600003
-32.76805398899995 18.037773122000033
-33.34112001699998 18.160551240000075
-33.701947873999984 18.43902924500003
-34.03555097399993 18.31055411500006
-34.34472786699996 18.457632209000053
-34.25680689999996 18.842922147000024
-34.67556795699994 19.516392144000065
-34.77417199499996 20.047500209000077
-34.36083788499997 20.96555414000005
-34.416943998999955 21.371949208000046
-34.061956986999974 22.364163201000054
-34.04695388299996 24.04388721500004
-34.19167397999996 24.78276924900007
-33.97472886699995 25.24333521500006
-33.973199001999944 25.650000181000053
-33.45889397199994 27.206388176000075
-32.70320001999994 28.35500412600004
-31.05736102299994 30.21666321500004
-29.535280995999983 31.209714226000074
-28.552498989999947 32.37554727400004
-26.715283876999933 32.90249724500006
-26.35361900299995 32.927769186000035
-25.92652398699994 32.64791420100005
-25.612081917999944 32.81111119800005
-25.109026908999965 33.72264015300004
-24.67444400399995 34.971381121000036
-24.26610500499993 35.38999817700005
-22.39055894699993 35.54277328300003
-20.65667291899996 34.87111226800005
-20.18055500099996 34.75944017200004
-19.860415918999934 34.89068719800008
-19.065832952999926 35.74860315300003
-18.674161872999946 36.41887813500006
-17.75006894699993 37.22055319800006
-16.984375886999942 39.09618022600006
-16.412785912999936 39.81750317800004
-15.289162954999938 40.67166622000008
-14.697781964999933 40.84611323900003
-13.687783919999958 40.54777213500006
-10.371112936999964 40.398606278000045
-10.140550918999963 40.04721912600007
-8.94083285299996 39.45777318200004
-8.275003967999965 39.34861213700003
-7.814167935999933 39.44666716100005
-7.4591629869999565 39.29971513100003
-6.8480538479999495 39.39000314800006
-6.26777887999998 38.84332519600008
-5.7699979329999564 38.859444266000025
-4.848604986999931 39.22055124000008
-2.59388895099994 40.33861213400007
-2.400415849999945 40.81374920300004
-1.9580568859999516 41.31527417700005
-0.8961109889999648 42.06666620200008
0.7993091430000732 43.65097213800004
1.5930550920000428 44.60472023600005
2.5161130200000343 46.11055513000008
4.373893132000035 47.87193614700004
5.820004116000064 48.853332289000036
6.98083316900005 49.34277022500004
8.989795154000035 50.55339616400005
10.74027701500006 51.12916217000003
11.507635056000026 51.12527414200008
11.791531123000027 50.51540720000003
11.59527707500007 50.281389157000035
11.340838033000068 49.42416621600006
11.156941088000053 47.34000028600008
10.69000303000007 46.453329206000035
10.696663123000064 45.512775228000066
10.41152502500006 44.391384204000076
10.70138816900004 43.93832423200007
11.853334081000071 43.10471713600003
12.584449108000058 43.207497207000074
12.844999060000077 42.804720271000065
13.55305614200006 42.294996285000025
14.630689105000044 41.17221923000005
15.167980165000074 40.07422813200003
15.65027202500005 39.449718173000065
17.847217133000072 38.67221719100007
18.853894100000048 37.43568916000004
21.971665036000047 36.854163277000055
22.665133080000032 36.15305412200007
22.872502035000025 35.74222217800008
24.290551078000078 35.38304119700007
26.026111139000022 34.32416425100007
27.42423405100004 33.66805518800004
27.887770061000026 33.97305621600003
27.868888148000053 34.327215264000074
28.09944111200008 34.97277620400007
27.775837120000062 35.39305824200005
25.433821048000027 37.07749824900003
24.45416214000005 37.44999924800004
23.78908913400005 38.446875256000055
22.377214035000065 39.105270232000066
21.83693516200003 38.99304912100007
21.10402909000004 39.17485813300004
20.61444715400006 39.544443235000074
19.717363067000065 40.78708217700006
18.089506103000076 41.596668247000025
17.322220147000053 42.32471415600003
16.311943151000037 42.81304517800004
15.750694098000054 42.74485219200005
13.342222107000055 43.25124621600003
12.971242089000043 43.40277023800007
12.616948093000076 44.186661248000064
12.729160152000077 44.85276925100004
13.397635037000043 45.94805114900004
13.556665054000064 47.00583023400003
14.004442081000036 47.908332216000076
14.039101083000048 48.55388427100007
14.709997164000072 49.53416427900004
15.200551067000049 51.26805919200007
15.760000022000042 52.21387817800007
16.166179173000046 52.22708118400004
16.46388107300004 52.568604177000054
17.014312106000034 54.092637188000026
16.95708114100006 54.736245145000055
17.903323078000028 55.85305529200008
18.193744122000055 56.55229226500006
18.812503089000074 56.92944622500005
18.950275091000037 57.49083022700006
19.25083002300005 57.751938246000066
19.684720080000034 57.69250217000007
20.257219156000076 57.854025301000036
20.847214114000053 58.71082529000006
21.93305514000008 59.650965202000066
22.567222057000038 59.65027218600005
23.319100064000054 58.92735616900006
23.632777033000025 58.609296302000075
23.93443904700007 57.17132129700008
24.50166406200003 56.60361029900008
25.38221518000006 56.36555117300003
25.720417094000027 55.85943626800008
24.217777047000027 54.24582619200004
24.044167044000062 53.587773198000036
24.178339187000063 51.77360714500003
24.761512114000027 51.47463622600003
25.178608190000034 51.615828211000064
25.62111115500005 51.54194726600008
25.859026113000027 50.949162141000045
25.51694505300003 50.30554513000004
26.850016181000058 49.95198924500005
27.340543094000054 49.24748726400003
28.33471912300007 48.51874817200007
29.623744189000035 47.95596020100004
29.954161159000023 48.34387820200004
30.188044087000037 49.23831628900007
30.068884101000037 50.133609163000074
28.048339163000037 51.325272219000055
27.761392083000032 52.12846826100008
26.85513718900006 53.48596526100005
26.519167039000024 54.852777237000055
27.20013414600004 56.32804819100005
27.00638209400006 56.86541116700005
26.70804115800007 57.06610226100008
26.103943145000073 57.16952119900003
25.737769143000037 57.52416623000005
25.426189158000057 59.24700021500007
25.377769083000032 60.60527120000006
25.080823063000025 61.39623620100008
25.371937122000077 63.810828154000035
25.266664106000064 64.38804322400006
25.37638305100006 66.56553930000007
23.974048066000023 67.50067521500006
23.58492407800003 68.32957520100007
23.269168061000073 68.54304618200007
22.938607089000072 69.05484016200006
21.77166712500008 69.43691714900007
21.03388312100003 70.19303422000007
20.81388716400005 70.52276722800008
20.76000409900007 71.13472226900006
21.375064132000034 72.56484929900006
21.035422039000025 72.84679221400006
19.59027413700005 72.70762529700005
16.23443502200007 73.40803221500005
14.246110120000026 74.45081724800008
12.611944097000048 74.92359631900007
11.365273124000055 75.71775616600007
9.681949084000053 76.41581430800005
8.965000143000054 76.53414616200007
8.294743098000026 77.09279431000004
8.154442109000058 77.65027217700003
8.617222072000061 78.13998017800003
8.96166112900005 78.22957517900005
9.176662143000044 78.66219621600004
10.772497051000073 79.84553419900004
11.739718053000047 79.78166124700005
13.173337152000045 80.32165228500008
15.315688074000036 80.09388026800008
15.790834027000074 80.39499326800006
16.066108133000057 81.16392626800007
16.35472002700004 81.49392917300008
16.38666111300006 81.94086918300007
16.704721146000054 82.34643628700007
17.20221409100003 82.47526228300006
18.34166811700004 84.13415123200008
19.801549059000024 85.55930125500004
19.83139316000006 86.01859820200008
20.20603607000004 86.54200229100007
20.571112043000028 86.86692928300005
21.280411155000024 86.87997923600005
21.645829110000022 87.67900829800004
21.81222112000006 90.11553317900007
22.68832614100006 90.83151920500006
22.713058120000028 91.33471821400008
22.19360509200004 91.81137626200007
20.760274164000066 92.30053524800007
19.362637068000026 93.97824324600003
17.833339048000028 94.49386222300006
17.173324018000073 94.52527223200008
16.350823112000057 94.23276325700004
16.065559118000067 94.43221232000008
15.824161145000062 95.22588618400005
16.607773036000026 96.68248225800005
16.52555813400005 97.35775218400005
15.946660145000067 97.64136930100005
13.905838042000028 98.10359119800006
12.690838091000046 98.68081532000008
11.375002167000048 98.70193821900006
10.438606117000063 98.49726924200007
9.908605134000027 98.57470528700009
8.527771071000075 98.19831625900008
7.89499907000004 99.03636928300006
5.963887028000045 100.35552628500005
5.120002043000056 100.40466619800009
4.1554181550000635 100.69080325000004
2.9538911080000503 101.31606925700004
1.8773650580000663 102.68177432000005
1.533475016000068 103.37454934800007
1.4188870230000248 103.97107833400008
1.9661051050000538 104.11579826300004
2.744308156000045 103.55469321100009
3.1265291440000738 103.44550534400008
4.949164104000033 103.35608133300008
5.476942038000061 103.03775123400004
6.151663117000055 102.35860233000005
6.285133024000061 102.01844726400009
6.875938009000038 101.35817122100008
6.915835030000039 100.91636127200007
7.208056171000067 100.39206618600008
8.972218135000048 99.91887321700005
9.84916017300003 99.16902027800006
10.522918172000061 99.24109224000006
11.98305107300007 99.86511621600005
13.148605173000021 100.07318724000004
13.491622156000062 100.46781931300006
12.658474053000077 101.23650018500007
12.681388165000044 101.80998027900006
11.740276121000022 102.90413732600007
10.74056501800004 103.68439226700008
10.135000171000058 104.85330331800009
9.013339082000073 104.80859122800007
8.775415072000044 105.30540021000007
10.43749903500003 107.21219433900006
11.318608052000059 108.90525630800005
12.099304048000022 109.20526222600006
13.138057050000043 109.30109420100007
14.237776161000056 109.20443426100007
15.411106152000059 108.73275322000006
16.333885130000056 107.96970632700004
17.288893029000064 106.82166621500005
18.199432081000054 106.27026321500006
18.472222126000077 105.90886823900007
18.856666164000046 105.69595532500006
19.793053161000046 105.91277420600005
21.182356131000063 107.36282719800005
21.683710116000043 108.55910734300005
21.12887808000005 109.67386526400009
21.16297918300006 110.39059828600006
21.38860912100006 110.66053530000005
21.802501130000053 112.478049252
22.70360802700003 114.71886926400009
22.78916211300003 115.86220226700004
23.236660022000024 116.78706934600007
24.036949053000058 117.86470230900011
24.450274111000056 117.96053428500011
25.11832604500006 119.14610420000008
25.875559082000052 119.61109832700004
26.492770079000024 119.65304723800011
26.793892131000064 120.10415422800008
27.722215068000025 120.69469820000006
28.303606169000034 121.40833528200005
29.420065115000057 121.91206520100002
30.278611053000077 121.3505371980001
30.843613187000074 121.55941824900003
31.758058040000037 121.57666233900011
32.79694615900007 120.87915321100002
33.959440192000045 120.39333324100005
34.43027516400008 119.98692928800006
34.60749407900005 119.53491319800003
35.09401611800007 119.3491532910001
36.19606606800005 120.35324729100012
36.72276407800007 121.37275829400005
36.94415512000006 122.16470431300002
37.418329107000034 122.18137223000008
37.458046085000035 121.69469730600008
37.756945088000066 120.96027025300009
37.60291018200007 120.30781519700008
37.13638619100004 119.58777031700004
37.18748814000003 119.12720435000006
37.53999109100005 118.95380121300002
38.03846505300004 118.95165930200005
38.32694216600004 117.7366502970001
38.59248706100004 117.55359020200001
39.024433188000046 117.72317722600008
39.216934156000036 118.0099893580001
39.17916110900006 118.8408153370001
39.40672609300003 119.25567931300009
39.71206910300003 119.33949633300006
40.25867514000004 120.50352928400002
40.87137717600007 121.1088693270001
40.840831173000026 121.75138830800006
40.67999217400006 122.13136831000008
40.35443519800003 122.19553831700011
40.003057099000046 121.8809522470001
39.861244182000064 121.53997826900002
39.46442510300005 121.46381124400011
39.21859913700007 121.59942322900008
39.14110911300003 122.13136831000008
39.384721082000056 122.35276823700008
39.82138320300004 123.7753983240001
39.55874515100004 125.12025927000002
39.115549169000076 125.28414928300003
38.332504061000066 124.86553222600003
37.89610312100007 125.38749630500001
37.71831708700006 126.53207133800004
37.40623318200005 126.6640112120001
36.739297047000036 126.34999226100001
35.73958611100005 126.6373443540001
35.11347403600007 126.24873333800008
34.715269093000074 126.5030553680001
34.707502086000034 127.21666529400011
35.20888306000006 129.2416382230001
35.683327113000075 129.4866362240001
37.14097612100005 129.37106721400005
38.579437109000025 128.38916732000007
39.124990042000036 127.64553325000008
39.64472218800006 127.50444033800011
40.67929915800005 129.21516029400004
41.112208198000076 129.71386827900005
41.88387705200006 129.94971324200003
43.22137617200008 131.7536012370001
42.740272195000045 133.02900923000004
42.819166188000054 133.5697023360001
43.25971617000005 134.64580526700001
43.84860404600005 135.50305536400003
44.15637713800004 135.6473342380001
45.933877058000064 137.77498833100003
47.78999218900003 139.2658112360001
48.32332313400008 140.005242285
49.55680015300004 140.5538913250001
50.53687312800008 140.43942034400004
50.865544148000026 140.5285922270001
51.575203180000074 140.9074113360001
51.98457717600007 141.3567633230001
53.03374318500005 141.23385930900008
53.40331906600005 141.0344283510001
54.121375088000036 139.9993652290001
54.21804408100007 139.06274437600007
53.55929807100006 138.23954123400006
53.573257125000055 137.8989273420001
54.006247133000045 136.6886252800001
54.42804109800005 136.74829537900007
54.59943710400006 136.3713392310001
54.679987194000034 135.50415322600008
54.98082107600004 135.2994123320001
56.25054110900004 137.84219124600008
56.94721322000004 138.61413921700012
57.94165914700005 140.51553322200004
58.30846313300003 140.7902583130001
58.710277156000075 141.72051629600003
59.13777718500006 142.30332025200005
59.31193620200003 142.9821813200001
59.42290606200004 145.24955134700008
59.24513813300007 145.8112142980001
59.38012918700008 148.9621953400001
59.74193806200003 149.34692737900002
59.47263120100007 151.60580134100007
59.29609608100003 151.74856828600002
59.11332415600003 151.28942422600005
58.859164064000026 151.53998429000012
58.96693907800005 152.91442832400003
59.142772129000036 153.29678426200007
59.16137509200007 154.7424632420001
59.51720817300003 154.690803393
59.695966173000045 154.24163128300006
60.13611114100007 154.6235642680001
61.78582911500007 157.43246425100006
61.85922407700008 159.38163929400002
61.71915711000008 159.7493882560001
61.390828071000044 160.00832737400003
61.163884186000075 159.94052129800002
60.88998705900008 160.2370262620001
60.88416415100005 160.8883113720001
61.668280131000074 162.64052124600005
61.93554415500006 163.02915036800005
62.44471007300007 163.16442925600006
62.684992081000075 164.23135232700008
62.47430221500008 164.61384337900006
62.33068920100004 164.23274724200007
62.101108201000045 164.06415028900005
61.78360606700005 164.07150339800012
61.45083109900003 163.74856526300005
61.21305108900003 163.85412628100005
60.97110410100004 163.6124582430001
60.49276313400003 162.1466373820001
59.76221505900003 161.1016293
59.08388506800003 159.7899782930001
58.85138817200004 159.70218338900008
58.54193216200008 159.1985793670001
58.104433192000045 158.3585822440001
57.76971412600005 157.28637639500005
57.56248917100004 156.97079136900004
57.17928716500006 156.77122529400003
56.60866915500003 155.94094833000008
55.91193418100005 155.646090242
54.92998919200005 155.5988493320001
52.93610205900006 156.09133828100005
52.138324080000075 156.44748635400003
51.315679173000035 156.52080923100004
51.15860213900004 157.09692627200002
51.94130509800004 158.27768128700006
52.84665105900007 158.63272227900006
53.416666074000034 159.8591253070001
53.98067813700004 159.89955323700008
54.317773138000064 160.3506603940001
54.52930018900008 160.72829128500007
54.61999305200004 161.88610536600004
55.02569510400008 161.97009337800012
55.36610213000006 161.718156334
55.62748909900006 161.7491162350001
55.959157153000035 162.01846835900005
56.19193316600007 162.6452643980001
56.08665109700007 163.10745930400003
56.484991156000035 163.26248428000008
57.10262510500007 162.81205236900007
57.43665115500005 162.8827203630001
57.59304405800003 163.15997427500008
57.83443314700003 163.09878336300005
58.04347613700003 161.9398353780001
58.45304811300008 162.1433072520001
58.91331719400006 162.81970236400002
59.737492133000046 163.35608432200002
59.93205522900007 163.67556009100008
59.981104103000064 165.18246331000012
60.214159066000036 165.52777525900012
60.18915719000006 166.80582036600003
60.59470618800003 168.32136636500002
60.241933172000074 170.48218530300005
61.55526709800006 173.37274228900003
62.26749115900003 176.00415329100008
62.684722184000066 176.92081230700012
62.737147133000065 177.31504825000002
62.35722110900008 178.96077928700004
62.61970610800006 179.553726352
63.23999510700003 179.20553438100012
63.38749615200004 178.7210732840001
63.89638312000005 178.69275033000008
64.12387618700006 178.47775836900007
64.43053314500008 177.4334433030001
64.64665917800005 177.45218138300004
64.73692909000005 178.98385533800013
65.06890987700007 179.9999885410001
